-118.72 -29.29 16.13 -167.59
-118.72 -29.29 16.13 -167.59
-118.72 -29.29 16.13 -167.59
-118.72 -29.29 16.13 -167.59
-118.72 -29.29 16.13 -167.59
-118.83 -29.29 16.79 -167.59
-118.89 -28.99 16.79 -171.75
-118.89 -28.57 16.79 -171.75
-120.86 -28.57 17.94 -178.28
-121.12 -28.44 17.98 -178.9
-121.12 -28.49 17.98 -178.9
-119.3 -28.49 18.01 -179.66
-117.39 -28.49 18.1 -179.85
-114.93 -28.55 18.36 -179.85
-114.93 -28.59 18.36 -179.85
-114.93 -28.59 18.36 -179.98
-114.93 -28.55 18.36 -179.98
-114.93 -28.55 18.36 -179.98
-114.93 -28.55 18.36 -179.98
-114.93 -28.55 18.36 -179.98
-114.93 -28.55 18.36 -179.98
-114.93 -28.55 18.36 -179.98
-114.93 -28.55 18.36 -179.98
-114.75 -28.55 18.66 179.82
-114.33 -28.67 18.93 179.82
-114.16 -28.95 19.05 179.0
-114.14 -29.09 19.14 178.73
-114.04 -28.61 19.22 178.03
-114.05 -28.44 19.71 177.81
-114.58 -28.32 19.9 176.99
-115.4 -28.08 20.86 176.25
-115.4 -28.03 20.86 176.25
-115.92 -28.03 21.61 174.85
-115.92 -28.09 21.61 174.85
-116.24 -28.09 21.61 174.85
-116.24 -28.09 21.61 174.85
-116.24 -28.09 21.61 174.85
-116.24 -28.09 21.61 174.85
-116.24 -28.09 21.61 174.85
-116.24 -28.09 21.61 174.85
-116.24 -28.09 21.61 174.85
-115.91 -28.09 21.61 173.4
-115.55 -28.07 21.9 173.4
-115.8 -27.99 21.97 172.73
-115.83 -27.99 22.21 172.13
-115.32 -27.86 22.35 171.9
-114.5 -27.88 22.35 171.4
-114.7 -28.19 22.1 171.16
-114.22 -28.19 21.91 170.68
-114.22 -28.19 21.91 170.68
-114.22 -28.19 21.91 170.68
-129.96 -28.19 21.88 170.36
-129.96 -28.19 21.88 170.36
-129.96 -28.19 21.88 170.36
-129.96 -28.19 21.88 170.36
-129.96 -28.19 21.88 170.36
-129.96 -28.19 21.88 170.36
-129.96 -28.19 21.88 170.36
-136.86 -28.19 21.81 170.31
-139.67 -28.19 21.73 170.23
-137.08 -28.32 21.99 170.23
-136.14 -28.66 21.99 170.01
-135.94 -28.08 21.38 169.71
-134.61 -28.08 18.87 169.34
-131.15 -27.97 22.34 169.92
-127.39 -27.9 22.34 169.92
-127.39 -27.88 22.34 169.92
-125.22 -27.88 27.95 170.19
-125.22 -27.95 27.95 170.19
-124.53 -27.95 27.95 170.19
-124.53 -28.09 27.95 170.19
-124.53 -28.09 27.95 170.19
-124.53 -28.09 27.95 170.19
-124.53 -28.09 27.95 170.19
-124.53 -28.09 27.95 170.19
-124.53 -28.09 27.95 170.19
-122.09 -28.09 30.44 170.48
-120.74 -28.27 30.0 170.39
-118.6 -28.76 29.29 169.67
-117.87 -29.04 28.6 169.24
-117.42 -29.09 28.09 169.24
-117.53 -28.85 28.09 168.21
-118.26 -28.6 27.89 167.52
-118.45 -28.63 28.28 166.33
-118.51 -28.7 22.05 165.7
-118.51 -28.77 22.05 165.7
-118.51 -28.77 22.05 165.7
-118.54 -28.77 22.05 165.26
-118.54 -28.77 22.05 165.26
-118.54 -28.77 22.05 165.26
-118.54 -28.77 22.05 165.26
-118.54 -28.77 22.05 165.26
-118.54 -28.77 22.05 165.26
-118.54 -28.77 22.05 165.26
-118.56 -28.77 17.23 164.03
-118.59 -28.91 -6.9 164.03
-118.49 -29.14 -13.24 163.92
-118.8 -29.55 -15.52 163.92
-119.79 -29.83 -11.07 163.91
-121.06 -29.96 -11.07 163.69
-120.24 -30.16 0.86 163.69
-120.29 -30.51 18.81 163.81
-120.29 -30.53 18.81 163.81
-115.2 -30.53 31.27 164.43
-115.2 -30.38 31.27 164.43
-115.2 -30.38 31.27 164.43
-115.2 -30.38 31.27 164.43
-115.2 -30.38 31.27 164.43
-115.2 -30.38 31.27 164.43
-115.2 -30.38 31.27 164.43
-115.2 -30.38 31.27 164.43
-113.02 -30.38 35.85 164.43
-113.68 -30.33 38.03 165.09
-114.39 -30.23 39.52 164.22
-115.61 -30.34 41.64 163.9
-116.71 -30.35 41.17 163.9
-117.17 -30.44 40.28 163.43
-117.25 -30.4 39.44 163.75
-116.85 -30.55 39.05 164.0
-116.85 -30.72 39.05 164.0
-116.5 -30.72 38.08 164.25
-116.29 -30.85 38.08 164.25
-116.29 -30.9 38.08 164.25
-116.38 -30.9 38.08 164.25
-116.38 -30.9 38.08 164.25
-116.38 -30.9 38.08 164.25
-116.38 -30.9 38.08 164.25
-116.38 -30.9 38.08 164.25
-116.38 -30.9 38.08 164.25
-116.44 -30.9 37.92 164.54
-116.53 -30.9 37.48 164.34
-116.63 -30.92 37.56 163.9
-116.52 -31.12 37.56 163.43
-116.56 -30.87 37.56 162.51
-116.86 -30.79 37.32 162.51
-117.55 -30.47 37.07 162.39
-118.02 -29.99 36.94 162.41
-118.33 -29.61 36.67 162.41
-118.33 -29.54 36.67 162.41
-118.33 -29.54 36.67 162.34
-118.33 -29.54 36.67 162.34
-118.33 -29.54 36.67 162.34
-118.33 -29.54 36.67 162.34
-118.33 -29.54 36.67 162.34
-118.33 -29.54 36.67 162.34
-118.13 -29.54 36.67 162.34
-117.84 -29.54 36.67 162.28
-117.4 -29.54 37.68 162.31
-116.78 -29.4 37.68 162.24
-116.39 -29.6 35.4 162.65
-116.42 -29.6 27.31 163.47
-119.06 -30.07 29.13 163.91
-116.07 -30.26 34.22 164.39
-114.44 -30.15 39.54 164.39
-114.84 -30.14 46.46 164.8
-114.84 -30.13 46.46 164.8
-115.15 -30.13 46.46 164.8
-115.15 -30.01 46.46 164.8
-115.15 -30.01 46.46 164.8
-115.15 -30.01 46.46 164.8
-115.15 -30.01 46.46 164.8
-115.15 -30.01 46.46 164.8
-115.15 -30.01 46.46 164.8
-115.15 -30.01 46.46 164.8
-116.2 -30.01 51.25 164.8
-116.62 -29.76 53.07 165.16
-116.82 -29.56 52.8 165.68
-116.93 -29.25 28.72 165.68
-116.93 -29.04 28.72 165.68
-116.85 -29.04 28.76 166.23
-119.67 -28.77 32.27 166.56
-115.56 -28.66 32.27 167.11
-115.56 -28.75 32.27 167.11
-117.55 -28.75 29.58 167.11
-118.51 -28.44 29.26 167.56
-118.48 -27.98 29.26 167.43
-118.52 -27.91 29.87 167.07
-118.72 -27.89 30.78 167.16
-118.79 -28.16 31.98 167.16
-119.16 -27.56 32.34 167.25
-119.35 -27.03 30.91 167.47
-119.46 -27.61 25.73 167.23
-119.73 -28.1 25.73 166.9
-119.47 -28.31 25.73 165.96
-118.89 -28.31 25.73 166.07
-118.39 -28.16 21.3 166.22
-119.01 -28.12 16.38 165.66
-119.29 -28.12 13.29 165.29
-118.86 -28.29 13.24 165.29
-118.32 -28.43 13.19 165.29
-117.87 -28.55 14.35 164.77
-117.79 -28.87 15.63 165.73
-117.87 -29.03 16.46 166.15
-118.3 -29.12 17.72 167.74
-119.08 -29.12 19.08 168.22
-119.27 -28.99 21.55 168.22
-119.16 -28.84 22.13 167.76
-118.3 -28.94 20.14 167.07
-116.96 -28.8 20.67 167.07
-116.81 -28.59 23.6 167.07
