156.18 101.42 -75.61 65.07
156.06 111.74 -75.51 65.36
156.51 113.75 -75.51 65.8
156.78 113.87 -75.59 66.06
157.06 114.1 -75.67 66.14
157.79 116.57 -75.78 66.25
158.53 116.57 -76.04 66.49
158.94 116.57 -76.04 66.67
159.0 124.47 -76.04 65.71
159.0 113.66 -76.04 65.71
158.98 113.66 -76.31 65.06
158.81 106.93 -76.39 64.44
158.24 106.3 -76.65 64.17
157.76 106.3 -76.02 64.17
157.68 107.88 -75.62 64.17
156.69 108.8 -75.6 63.93
156.69 108.8 -75.6 63.93
148.61 108.8 -75.52 64.31
147.08 109.46 -75.27 64.58
154.43 109.46 -75.1 65.11
155.82 109.36 -74.98 65.24
157.82 109.57 -75.08 65.24
159.33 109.68 -75.09 65.4
160.07 109.68 -75.09 65.65
160.32 109.21 -75.2 65.76
160.38 108.75 -75.18 65.79
160.4 108.72 -75.4 65.99
160.41 108.84 -75.4 65.94
159.89 108.85 -75.62 65.63
163.64 108.85 -75.77 65.45
165.62 108.85 -75.79 65.22
166.42 112.1 -75.93 65.06
166.68 115.08 -75.84 64.63
166.3 117.22 -75.62 64.63
166.3 115.4 -75.62 64.63
166.23 115.4 -75.4 64.13
166.23 113.45 -75.4 64.13
166.37 113.45 -75.14 64.08
166.53 112.74 -75.24 63.7
166.57 112.74 -75.22 63.5
165.32 112.48 -75.25 63.5
164.91 112.89 -75.25 63.1
164.84 113.21 -75.26 62.97
164.61 113.43 -75.21 62.64
163.19 113.86 -75.26 62.64
162.81 114.27 -75.25 62.09
162.11 114.58 -75.26 61.86
161.93 114.58 -75.26 61.84
161.93 114.45 -75.19 62.84
161.93 114.22 -75.19 62.84
160.94 114.22 -75.2 63.59
160.73 113.31 -75.22 63.65
160.81 113.23 -75.22 64.05
161.06 113.02 -75.35 64.24
161.09 112.74 -75.49 64.48
161.05 112.4 -75.72 64.66
161.37 112.3 -75.79 64.64
161.74 112.25 -75.79 64.85
161.47 112.15 -75.74 64.85
161.09 112.02 -75.85 65.04
160.95 112.78 -75.84 65.13
161.28 114.59 -75.88 65.37
161.52 119.25 -75.96 65.24
161.22 114.8 -76.0 64.9
160.37 106.65 -75.82 64.56
160.15 105.87 -75.82 63.96
159.82 104.44 -75.6 64.31
159.3 104.24 -75.45 64.67
159.79 104.2 -75.24 64.88
160.24 104.2 -75.11 65.22
160.56 104.21 -74.78 65.5
160.56 103.08 -74.78 65.5
160.99 103.08 -74.87 65.8
160.05 102.51 -75.23 65.98
159.0 102.51 -75.4 66.05
159.16 102.74 -75.4 66.05
159.66 103.36 -75.44 66.05
160.05 104.14 -75.4 66.12
160.2 104.58 -75.44 66.14
160.35 105.01 -75.4 66.04
160.45 105.86 -75.29 65.92
160.45 105.86 -75.29 65.92
160.35 105.86 -74.94 65.03
151.12 107.01 -74.79 64.74
151.12 107.21 -74.79 64.5
148.6 107.48 -74.79 66.44
159.76 107.77 -74.75 63.62
162.47 107.96 -74.75 63.84
158.43 107.97 -74.75 63.98
158.43 108.04 -74.75 63.98
156.8 108.04 -74.63 64.34
153.92 108.04 -74.63 64.97
154.12 108.1 -74.63 65.66
154.12 108.23 -74.63 65.66
154.12 108.23 -74.71 65.68
153.89 108.87 -74.78 65.87
153.89 108.87 -74.66 65.91
153.63 108.87 -74.51 65.71
153.62 108.87 -74.11 65.7
152.69 108.87 -73.94 65.49
150.07 108.87 -73.82 65.57
149.43 108.87 -73.82 65.57
149.88 109.48 -73.57 65.57
149.88 109.65 -73.57 65.57
150.5 109.65 -73.47 64.73
149.65 109.93 -73.26 64.3
149.65 109.93 -73.26 64.3
149.77 109.93 -73.22 63.75
150.11 109.95 -73.33 63.16
150.87 109.95 -73.4 62.7
151.34 110.02 -73.47 62.7
151.52 110.0 -73.47 62.44
151.8 110.04 -73.52 62.44
151.8 113.47 -73.52 62.44
152.15 113.47 -73.45 61.57
152.48 116.18 -73.37 60.74
152.48 119.37 -73.37 60.74
153.59 119.37 -73.32 60.25
154.06 119.37 -73.32 60.62
155.32 112.1 -73.48 60.62
156.01 110.48 -73.48 60.76
155.87 109.8 -73.65 60.76
155.87 109.39 -73.65 60.76
154.94 109.39 -75.36 60.4
154.05 111.3 -75.64 60.4
154.45 112.17 -77.19 60.3
155.54 111.53 -77.19 60.3
155.82 110.92 -77.19 61.86
155.7 110.96 -80.72 62.52
155.66 110.96 -80.72 62.25
154.92 110.96 -82.02 62.3
153.6 110.95 -85.07 62.3
153.23 111.01 -83.39 62.06
153.24 111.01 -80.4 62.56
153.24 111.01 -80.4 62.56
153.04 111.01 -78.92 63.3
152.78 111.07 -79.0 63.4
152.57 111.36 -79.09 63.42
153.15 111.57 -79.21 63.42
153.83 111.65 -80.08 63.59
154.09 111.67 -80.26 63.75
151.8 111.72 -80.63 64.21
152.85 111.67 -80.44 64.21
155.68 111.54 -80.21 64.3
161.98 111.49 -80.21 64.3
161.98 111.18 -79.81 64.58
163.86 111.35 -79.4 64.48
165.27 111.54 -80.46 64.19
164.32 111.77 -80.72 63.98
160.6 111.77 -81.31 63.96
159.61 111.77 -81.49 64.08
158.2 111.88 -81.43 64.08
157.77 112.13 -81.43 64.16
157.77 112.45 -81.43 64.16
159.25 112.45 -81.16 64.98
160.8 112.78 -81.12 65.77
160.8 112.78 -81.12 65.77
161.06 112.78 -81.15 65.55
160.07 112.55 -81.16 64.7
159.59 112.35 -81.16 63.51
159.43 112.1 -81.16 63.27
159.1 111.88 -81.31 63.02
158.62 111.66 -81.28 62.13
157.96 111.66 -81.33 61.68
156.7 111.65 -81.17 61.18
155.96 111.65 -81.17 61.26
155.59 114.28 -80.8 61.26
154.43 115.78 -80.95 61.26
154.28 100.68 -80.95 61.37
155.1 100.88 -81.11 61.74
155.1 100.88 -81.11 61.74
156.29 100.88 -80.73 62.28
155.97 100.88 -80.7 62.5
156.42 101.61 -80.7 62.5
157.59 106.4 -80.45 62.54
158.98 106.4 -80.37 62.59
160.22 107.54 -80.37 62.32
160.77 108.36 -80.17 61.88
160.2 108.36 -79.92 61.17
159.86 108.87 -80.79 61.42
159.57 108.87 -82.19 61.61
159.68 108.8 -82.19 61.73
159.68 109.1 -82.19 61.73
154.98 109.1 -81.43 59.3
153.96 109.4 -81.43 59.3
154.18 110.5 -78.6 71.1
154.36 110.5 -75.97 73.28
154.08 110.5 -74.48 73.44
153.54 110.5 -74.48 73.06
152.76 110.5 -74.48 72.76
153.35 110.8 -73.72 72.5
153.59 111.04 -73.72 71.77
153.88 111.14 -73.39 71.45
154.04 111.14 -73.67 70.92
153.3 111.14 -74.1 70.47
152.7 111.26 -74.89 70.33
152.7 111.23 -74.89 70.33
152.67 111.23 -75.43 69.83
152.13 111.21 -75.43 69.49
152.02 111.54 -75.43 68.77
