168.71 -126.37 -82.02 52.44
168.54 -176.11 -82.07 51.97
168.54 128.55 -82.16 52.38
168.48 126.31 -82.02 53.33
167.77 126.08 -81.97 53.92
167.89 125.9 -81.89 54.6
169.14 125.67 -81.91 55.01
169.17 125.37 -81.86 55.6
168.85 125.01 -81.87 55.85
169.19 128.33 -81.9 56.22
168.54 -121.08 -82.22 56.35
167.72 -118.39 -82.4 56.83
168.11 -118.63 -82.41 56.69
168.27 -118.63 -82.45 56.4
167.4 -118.68 -82.57 56.28
172.12 -118.76 -82.73 56.26
171.01 -118.6 -82.76 56.26
170.3 -117.72 -82.84 56.25
167.73 -117.13 -83.01 56.39
167.14 -117.13 -82.94 55.86
166.18 -117.13 -82.6 55.29
165.81 -116.94 -82.5 55.2
166.55 -116.61 -82.59 55.08
166.67 -116.8 -82.71 55.0
167.28 -116.84 -82.71 55.42
168.06 -116.99 -82.79 55.52
168.36 -117.06 -82.75 55.6
167.25 -116.94 -82.41 55.65
166.93 -116.33 -82.14 55.69
166.54 -116.23 -82.06 56.41
166.44 -115.69 -82.1 57.78
167.03 -115.28 -82.01 57.99
168.64 -112.26 -81.76 57.73
169.37 -109.78 -81.65 57.37
169.15 -109.18 -81.6 57.42
168.87 -109.05 -81.88 57.22
168.86 -110.51 -82.52 57.25
168.01 -114.55 -82.52 57.5
168.32 -116.25 -82.92 58.04
168.58 -116.25 -82.87 57.26
169.06 -116.25 -83.21 56.1
169.62 -120.19 -83.44 53.56
169.86 -120.19 -83.61 52.95
169.39 -114.05 -83.7 52.67
170.9 -113.58 -83.7 51.89
169.63 -113.63 -83.7 51.62
168.04 -113.45 -83.64 52.71
167.35 -113.69 -83.66 53.73
167.06 -114.41 -83.68 53.35
167.28 -114.65 -83.71 52.77
167.47 -114.41 -83.71 53.47
166.64 -114.21 -83.73 53.63
167.12 -113.44 -83.77 53.12
168.37 -112.63 -83.75 52.75
168.01 -112.23 -83.71 52.67
168.31 -112.06 -83.37 53.24
169.62 -111.68 -83.13 53.65
165.72 -111.5 -82.57 54.24
164.97 -111.4 -82.52 54.24
165.54 -111.27 -82.62 54.75
165.66 -111.86 -82.77 54.69
165.75 -112.35 -83.08 53.83
165.76 -112.68 -83.13 53.09
165.62 -112.9 -83.53 54.09
165.92 -112.9 -83.93 54.09
166.38 -112.85 -84.05 54.56
167.01 -112.83 -84.05 53.8
167.49 -112.56 -84.0 53.76
167.54 -112.0 -83.92 54.57
167.15 -111.7 -83.92 55.14
166.91 -111.18 -83.92 56.18
167.21 -111.88 -83.73 57.04
167.16 -112.16 -83.67 56.97
166.58 -112.9 -83.58 56.97
166.79 -113.51 -83.58 56.1
166.96 -113.77 -83.74 55.71
166.89 -114.17 -83.65 56.43
166.92 -114.52 -83.67 56.81
166.86 -114.52 -83.52 55.52
166.81 -114.35 -83.38 54.58
166.55 -114.08 -83.29 54.38
166.3 -114.08 -83.05 54.66
165.76 -114.2 -79.78 54.83
164.68 -117.58 -79.78 55.25
164.7 -129.26 -91.67 54.41
165.31 -135.93 -91.67 53.96
165.5 -141.17 -116.61 54.09
165.84 -145.35 -119.35 54.32
166.32 158.77 -120.07 54.47
166.82 135.54 -121.39 54.93
166.95 134.35 -121.44 55.28
166.84 133.64 -121.15 55.98
166.55 133.64 -121.85 56.51
166.56 133.52 -101.45 57.18
166.56 133.44 -101.45 57.18
165.86 133.44 -90.61 58.7
165.59 133.02 -85.54 59.03
165.23 132.67 -85.54 59.56
164.9 132.67 -73.19 59.18
164.9 132.46 -73.19 58.03
165.53 132.37 -71.13 57.7
167.73 132.15 -73.26 57.74
168.74 131.91 -74.62 57.49
168.89 131.77 -72.68 57.51
169.5 131.41 -68.88 57.73
170.0 131.04 94.99 57.44
169.62 131.05 98.25 57.2
168.74 131.15 98.54 57.16
168.18 130.98 98.6 56.79
167.39 130.98 98.68 62.61
167.49 130.98 98.68 62.89
167.5 130.08 98.97 62.45
167.43 129.76 98.69 61.74
167.45 129.76 98.69 60.98
167.06 128.74 98.55 60.58
166.53 128.73 98.06 59.73
167.26 128.73 97.9 59.66
167.11 127.7 97.87 59.95
165.96 127.39 97.86 60.01
165.57 126.8 97.74 60.22
165.59 126.6 97.15 60.31
165.88 126.54 96.44 60.34
166.67 126.74 95.97 60.23
166.09 126.97 95.74 59.86
165.58 127.07 95.4 59.47
165.08 126.71 95.4 58.41
165.02 126.21 95.13 58.41
165.22 125.89 95.11 58.52
165.7 126.12 94.95 57.01
166.27 125.83 94.6 57.7
165.89 125.83 94.3 58.0
166.32 125.93 93.97 57.82
166.72 126.44 93.65 57.76
167.05 126.74 93.33 58.01
166.85 126.14 93.16 58.07
166.48 125.55 93.1 58.48
166.85 124.92 92.57 59.11
167.37 124.92 92.12 60.06
166.43 125.07 91.9 60.49
166.19 125.27 91.25 60.65
166.2 125.26 90.31 61.18
166.07 125.57 90.25 59.75
165.3 125.45 90.18 59.18
165.15 125.49 90.18 57.68
165.25 126.74 90.02 57.19
165.25 127.82 90.02 57.19
165.03 127.82 89.44 56.76
164.76 123.96 89.37 56.29
164.49 120.79 89.37 57.04
164.16 124.91 89.18 57.43
163.93 127.27 88.91 57.84
164.49 127.48 88.65 58.47
164.84 126.38 88.39 58.91
164.82 125.91 88.15 59.18
164.9 125.69 88.15 59.65
164.9 126.06 88.15 59.65
165.07 126.06 88.15 58.19
164.83 126.2 88.05 57.47
164.63 126.15 87.67 57.61
165.28 125.82 87.49 57.82
166.31 125.66 86.31 57.82
167.15 125.48 85.88 57.95
167.42 125.13 85.36 58.07
167.76 125.03 85.05 58.44
166.92 124.99 84.51 58.58
166.37 124.95 84.23 58.88
165.79 124.67 84.23 59.26
165.84 124.59 84.0 59.39
166.06 124.52 83.85 59.5
166.84 124.58 83.91 59.6
167.43 123.02 84.65 59.58
167.92 124.64 85.83 59.6
167.85 124.44 85.83 59.66
168.12 124.07 86.15 59.66
168.12 123.45 86.15 59.66
167.02 123.45 86.58 60.02
166.26 123.29 86.43 60.02
166.96 122.88 84.65 60.04
168.31 122.88 83.84 60.29
168.32 122.73 82.0 60.47
168.41 122.54 80.91 60.57
168.37 122.83 80.71 60.48
168.57 122.84 80.25 60.05
168.4 122.8 79.87 59.64
167.51 122.77 79.77 59.15
166.86 123.01 78.43 58.73
166.54 122.96 78.08 58.39
166.86 123.24 77.23 58.34
166.85 123.24 77.23 58.3
166.97 123.24 76.31 58.3
166.18 123.24 78.45 58.74
166.18 123.28 78.45 58.74
165.13 123.28 82.16 58.98
165.0 123.05 81.13 59.57
165.51 122.85 79.5 59.78
165.79 122.71 79.09 59.91
166.47 122.58 78.48 59.91
166.63 123.05 79.27 59.87
166.89 123.05 79.89 59.9
167.35 123.57 80.35 59.73
