-39.87 111.36 121.17 -161.72
-39.84 115.67 121.26 -161.8
-39.85 115.67 121.27 -161.73
-39.9 115.63 121.27 -161.43
-39.97 111.06 121.41 -161.43
-39.96 110.4 121.61 -161.25
-39.84 105.46 121.73 -160.94
-39.55 101.55 121.88 -160.72
-39.55 98.77 121.88 -160.72
-39.36 98.77 121.76 -160.72
-39.36 96.22 121.76 -160.4
-39.36 96.22 121.76 -160.4
-39.36 96.22 121.76 -160.4
-39.36 96.22 121.76 -160.4
-39.36 96.22 121.76 -160.4
-39.36 96.22 121.76 -160.4
-39.36 96.22 121.76 -160.4
-38.97 96.22 121.62 -160.17
-38.84 91.97 121.56 -159.83
-38.92 90.05 121.56 -159.81
-38.91 88.88 121.5 -159.81
-39.09 87.61 121.5 -159.77
-39.09 86.78 121.65 -159.21
-39.01 86.13 121.95 -158.67
-39.03 85.81 122.08 -157.89
-39.03 85.85 122.08 -157.89
-39.02 85.85 122.1 -157.67
-39.02 86.17 122.1 -157.67
-39.02 86.17 122.1 -157.67
-39.02 86.17 122.1 -157.67
-39.02 86.17 122.1 -157.67
-39.02 86.17 122.1 -157.67
-39.02 86.17 122.1 -157.67
-39.02 86.17 122.1 -157.67
-39.02 86.17 122.1 -157.67
-38.74 86.17 122.08 -157.7
-38.66 86.18 121.97 -157.78
-38.66 86.39 121.97 -157.78
-38.84 86.39 121.35 -157.75
-38.94 86.78 121.26 -157.24
-39.01 86.96 121.15 -156.58
-38.88 86.96 121.24 -155.83
-38.76 86.86 121.29 -155.83
-38.76 86.66 121.29 -155.83
-38.76 86.66 121.29 -155.83
-38.76 86.66 121.35 -154.18
-38.76 86.58 121.35 -154.18
-38.76 86.58 121.35 -154.18
-38.76 86.58 121.35 -154.18
-38.76 86.58 121.35 -154.18
-38.76 86.58 121.35 -154.18
-38.76 86.58 121.35 -154.18
-38.71 86.58 121.37 -153.83
-38.5 86.82 121.37 -152.97
-38.5 87.06 121.57 -153.49
-38.36 87.19 121.77 -154.46
-38.53 87.4 121.71 -154.91
-38.6 87.55 121.8 -155.21
-38.67 87.06 122.03 -155.18
-38.76 87.06 122.03 -154.85
-39.18 87.02 122.04 -154.85
-39.18 87.02 122.04 -154.85
-39.18 87.02 122.04 -154.85
-39.18 87.02 122.04 -154.7
-39.18 86.91 122.04 -154.7
-39.18 86.91 122.04 -154.7
-39.18 86.91 122.04 -154.7
-39.18 86.91 122.04 -154.7
-39.18 86.91 122.04 -154.7
-39.18 86.91 122.04 -154.7
-39.23 86.91 122.35 -154.82
-39.38 86.88 122.36 -155.01
-39.44 86.86 122.42 -155.01
-39.44 86.94 123.19 -155.14
-39.44 86.94 123.19 -155.14
-39.3 86.94 123.84 -153.78
-39.3 87.18 123.84 -153.78
-38.75 87.18 123.63 -153.08
-38.75 87.12 123.63 -153.08
-38.75 87.12 123.63 -153.08
-38.58 87.12 123.63 -152.02
-38.58 87.07 123.63 -152.02
-38.58 87.07 123.63 -152.02
-38.58 87.07 123.63 -152.02
-38.58 87.07 123.63 -152.02
-38.58 87.07 123.63 -152.02
-38.58 87.07 123.63 -152.02
-38.58 87.07 123.63 -152.02
-38.79 87.07 123.42 -152.27
-38.9 87.82 123.07 -152.31
-39.11 88.17 123.0 -152.31
-39.13 88.24 122.71 -153.01
-39.25 88.5 122.58 -153.01
-39.28 88.6 122.43 -154.06
-39.43 88.68 122.4 -155.05
-39.43 88.83 122.4 -155.05
-39.5 88.83 122.28 -156.18
-39.62 88.93 122.25 -156.18
-39.62 88.93 122.25 -156.18
-39.62 88.93 122.25 -156.18
-39.62 88.93 122.25 -156.18
-39.62 88.93 122.25 -156.18
-39.62 88.93 122.25 -156.18
-39.62 88.93 122.25 -156.18
-39.62 88.93 122.16 -156.39
-39.7 88.27 122.2 -156.69
-39.47 88.0 122.12 -156.89
-39.14 87.58 122.09 -157.06
-39.0 87.49 121.95 -157.13
-39.0 87.41 121.94 -157.13
-39.1 87.53 122.05 -157.15
-39.17 87.81 121.9 -157.17
-39.37 87.81 121.59 -157.18
-39.37 87.81 121.59 -157.18
-39.37 87.81 121.59 -157.28
-39.37 87.81 121.59 -157.28
-39.37 87.81 121.59 -157.28
-39.37 87.81 121.59 -157.28
-39.37 87.81 121.59 -157.28
-39.37 87.81 121.59 -157.28
-39.37 87.81 121.59 -157.28
-39.37 87.81 121.59 -157.28
-39.02 87.81 121.42 -157.2
-38.9 88.11 121.1 -157.67
-38.93 88.11 121.06 -158.49
-39.05 87.88 118.13 -157.55
-39.3 87.2 115.81 -157.23
-39.3 87.02 120.43 -157.09
-39.4 86.62 122.15 -156.84
-39.35 86.59 122.68 -155.33
-39.35 86.59 122.68 -155.33
-39.43 86.59 122.58 -153.91
-39.43 86.52 122.58 -153.91
-39.43 86.52 122.58 -153.91
-39.43 86.52 122.58 -153.91
-39.43 86.52 122.58 -153.91
-39.43 86.52 122.58 -153.91
-39.43 86.52 122.58 -153.91
-39.43 86.52 122.58 -153.91
-39.43 86.52 122.58 -153.91
-39.45 86.52 122.85 -153.57
-39.44 86.49 122.85 -153.71
-39.35 90.6 122.93 -154.55
-39.22 94.15 122.79 -154.55
-39.08 97.46 122.46 -154.87
-39.08 84.86 121.92 -156.14
-38.73 84.86 122.01 -157.18
-38.18 84.24 122.06 -157.18
-38.18 83.68 122.06 -157.18
-38.18 83.68 122.2 -158.84
-38.18 83.1 122.2 -158.84
-38.18 83.1 122.2 -158.84
-38.18 83.1 122.2 -158.84
-38.18 83.1 122.2 -158.84
-38.18 83.1 122.2 -158.84
-38.18 83.1 122.2 -158.84
-38.18 83.1 122.2 -158.84
-37.98 83.1 122.18 -159.5
-37.9 82.63 122.03 -159.5
-37.91 82.17 121.98 -157.89
-37.87 82.17 122.02 -157.1
-37.87 82.32 122.04 -155.97
-37.9 82.19 121.86 -156.79
-38.15 82.19 121.59 -157.25
-38.35 82.12 121.39 -158.23
-38.35 82.01 121.39 -158.23
-38.57 82.01 121.39 -158.23
-38.57 82.01 121.39 -158.23
-38.57 82.01 121.39 -158.23
-38.57 82.01 121.39 -158.23
-38.57 82.01 121.39 -158.23
-38.57 82.01 121.39 -158.23
-38.57 82.01 121.39 -158.23
-38.57 82.01 121.39 -158.23
-38.79 82.01 121.13 -157.94
-38.74 83.75 121.19 -157.18
-38.12 83.75 121.31 -157.18
-38.28 84.59 121.31 -157.23
-38.52 95.95 121.31 -157.66
-38.16 95.95 121.32 -157.66
-38.01 96.0 121.29 -158.76
-37.86 95.91 121.21 -158.76
-37.86 95.8 121.21 -158.76
-37.79 95.8 121.21 -158.76
-37.79 95.71 121.21 -158.76
-37.79 95.71 121.21 -158.76
-37.79 95.71 121.21 -158.76
-37.79 95.71 121.21 -158.76
-37.79 95.71 121.21 -158.76
-37.79 95.71 121.21 -158.76
-37.79 95.71 121.21 -158.76
-37.72 95.71 121.24 -158.18
-37.68 95.64 121.63 -157.9
-38.25 95.7 121.63 -157.9
-38.37 89.29 121.71 -157.86
-38.36 88.1 121.78 -156.91
-38.34 88.1 121.85 -156.91
-38.34 87.93 121.85 -156.91
-38.09 87.93 121.57 -158.29
-38.09 88.43 121.57 -158.29
