-65.80 89.25 144.68 -148.22
-66.18 88.97 149.0 -148.49
-66.18 88.97 149.0 -148.49
-66.18 88.97 149.0 -148.49
-66.63 88.97 152.15 -148.95
-66.63 88.97 152.15 -148.95
-66.63 88.97 152.15 -148.95
-66.63 88.97 152.15 -148.95
-66.63 88.97 152.15 -148.95
-66.63 88.97 152.15 -148.95
-66.63 88.97 152.15 -148.95
-66.87 88.97 152.15 -148.93
-66.87 88.97 148.12 -148.83
-66.36 88.97 137.0 -148.43
-65.86 88.72 128.48 -148.14
-65.87 88.47 117.14 -148.11
-65.88 88.3 103.04 -149.25
-66.07 88.57 109.91 -149.66
-66.07 88.64 109.91 -149.66
-65.93 88.64 120.2 -150.23
-65.79 88.8 130.67 -150.96
-65.71 88.98 132.34 -150.8
-65.71 89.08 132.34 -150.8
-65.71 89.08 132.34 -150.8
-65.71 89.08 132.34 -150.8
-65.71 89.08 132.34 -150.8
-65.71 89.08 132.34 -150.8
-65.71 89.08 132.34 -150.8
-65.71 89.08 132.34 -150.8
-65.71 89.08 135.11 -150.4
-65.75 89.26 140.88 -150.09
-65.72 89.49 140.88 -149.73
-65.57 88.68 140.88 -149.59
-64.21 88.5 143.67 -149.31
-64.21 88.89 143.67 -149.31
-63.17 88.89 144.97 -148.49
-62.99 89.24 145.35 -148.49
-62.85 92.14 143.81 -147.78
-62.85 92.52 143.81 -147.78
-62.75 92.52 143.71 -147.78
-62.75 92.52 143.71 -147.78
-62.75 92.52 143.71 -147.78
-62.75 92.52 143.71 -147.78
-62.75 92.52 143.71 -147.78
-62.75 92.52 143.71 -147.78
-62.75 92.52 143.71 -147.78
-62.75 92.52 143.71 -147.78
-62.75 92.52 133.0 -147.5
-62.54 93.09 117.97 -147.26
-62.22 93.34 117.97 -147.41
-62.05 93.5 130.29 -147.67
-62.05 93.58 130.29 -147.67
-61.8 93.58 136.99 -147.99
-61.8 93.37 136.99 -147.99
-62.11 93.37 144.17 -149.59
-62.59 92.85 144.17 -150.08
-62.59 92.68 144.17 -150.08
-62.59 92.68 144.17 -150.08
-62.59 92.68 144.17 -150.08
-63.01 92.68 144.17 -150.08
-63.01 92.68 144.17 -150.08
-63.01 92.68 144.17 -150.08
-63.01 92.68 144.17 -150.08
-63.01 92.68 144.17 -150.08
-63.01 92.68 144.17 -150.08
-63.2 92.68 144.17 -149.89
-63.26 91.94 144.61 -149.65
-63.44 91.94 144.13 -149.41
-63.67 91.76 143.66 -148.73
-63.86 91.66 143.38 -148.47
-64.41 92.28 141.59 -148.7
-64.81 91.74 140.08 -149.26
-65.17 91.74 140.08 -149.42
-65.17 92.45 140.08 -149.42
-65.17 92.45 140.08 -149.42
-65.28 92.45 132.42 -149.61
-65.28 93.46 132.42 -149.61
-65.28 93.46 132.42 -149.61
-65.28 93.46 132.42 -149.61
-65.28 93.46 132.42 -149.61
-65.28 93.46 132.42 -149.61
-65.28 93.46 132.42 -149.61
-65.32 93.46 129.14 -149.64
-65.45 93.46 143.89 -149.6
-65.55 93.46 144.91 -149.28
-65.62 93.46 145.17 -148.74
-65.62 93.46 144.71 -148.38
-65.62 94.63 143.94 -148.45
-65.62 95.11 143.94 -148.45
-65.56 95.11 142.74 -148.06
-65.51 88.46 144.02 -148.63
-65.51 88.48 144.02 -148.63
-65.51 88.48 144.02 -148.63
-65.55 88.48 144.25 -148.63
-65.55 88.48 144.25 -148.63
-65.55 88.48 144.25 -148.63
-65.55 88.48 144.25 -148.63
-65.55 88.48 144.25 -148.63
-65.55 88.48 144.25 -148.63
-65.55 88.48 144.25 -148.63
-65.48 88.48 143.98 -148.63
-65.5 88.58 144.2 -149.3
-65.47 88.58 144.49 -149.64
-65.35 88.81 144.8 -149.34
-65.34 89.02 145.09 -149.1
-65.34 89.34 145.46 -148.72
-64.97 87.56 145.1 -148.64
-64.9 86.45 144.57 -148.07
-64.9 85.79 144.57 -148.07
-64.9 85.79 144.57 -148.07
-64.8 85.79 144.27 -147.09
-64.8 85.04 144.27 -147.09
-64.8 85.04 144.27 -147.09
-64.8 85.04 144.27 -147.09
-64.8 85.04 144.27 -147.09
-64.8 85.04 144.27 -147.09
-64.8 85.04 144.27 -147.09
-64.8 85.04 144.27 -147.09
-64.35 85.04 144.08 -146.84
-63.65 85.0 143.78 -148.7
-63.65 84.96 144.62 -150.27
-63.15 84.9 144.81 -149.99
-63.15 84.87 145.03 -149.6
-62.87 84.76 145.35 -149.47
-62.84 84.67 145.35 -149.75
-62.84 84.49 145.35 -149.75
-66.37 84.49 145.21 -150.02
-75.62 84.33 145.38 -150.02
-75.62 84.33 145.38 -150.02
-75.62 84.33 145.38 -150.02
-75.62 84.33 145.38 -150.02
-75.62 84.33 145.38 -150.02
-75.62 84.33 145.38 -150.02
-75.62 84.33 145.38 -150.02
-75.62 84.33 145.38 -150.02
-61.21 84.33 145.55 -150.22
-61.21 84.23 145.98 -150.44
-45.55 84.3 146.16 -150.25
-44.69 84.3 146.17 -150.13
-44.41 84.4 146.68 -149.88
-43.76 84.41 146.89 -149.81
-44.03 84.47 147.24 -149.73
-43.92 84.48 147.33 -149.7
-43.92 84.53 147.33 -149.7
-44.01 84.53 147.52 -149.72
-44.01 84.51 147.52 -149.72
-44.01 84.51 147.52 -149.72
-44.01 84.51 147.52 -149.72
-44.01 84.51 147.52 -149.72
-44.01 84.51 147.52 -149.72
-44.01 84.51 147.52 -149.72
-44.01 84.51 147.52 -149.72
-44.38 84.51 147.74 -149.79
-46.22 84.51 148.22 -150.43
-56.14 84.44 148.39 -151.28
-70.32 84.76 148.44 -151.8
-48.8 85.04 148.46 -151.8
-48.81 85.05 148.48 -151.99
-50.92 84.93 148.6 -152.29
-56.43 84.94 148.6 -152.47
-57.89 84.98 148.62 -152.41
-57.89 85.1 148.62 -152.41
-58.1 85.1 148.84 -152.41
-58.1 85.08 148.84 -152.41
-58.1 85.08 148.84 -152.41
-58.1 85.08 148.84 -152.41
-58.1 85.08 148.84 -152.41
-58.1 85.08 148.84 -152.41
-58.1 85.08 148.84 -152.41
-58.1 85.08 148.84 -152.41
-58.17 85.08 149.01 -152.41
-58.17 85.15 149.38 -152.43
-58.36 85.26 149.68 -152.21
-58.29 85.24 150.04 -152.05
-58.06 85.32 150.49 -151.5
-58.1 85.29 150.49 -151.24
-57.98 84.84 150.5 -151.01
-57.99 84.77 150.52 -150.8
-58.18 84.31 150.64 -150.61
-58.18 84.07 150.64 -150.61
-58.18 84.07 150.64 -150.61
-58.18 84.07 150.64 -150.61
-58.18 83.77 150.64 -150.61
-58.18 83.77 150.64 -150.61
-58.18 83.77 150.64 -150.61
-58.18 83.77 150.64 -150.61
-58.18 83.77 150.64 -150.61
-58.18 83.77 150.64 -150.61
-58.04 83.77 150.6 -150.71
-58.69 83.77 150.67 -150.71
-58.69 83.37 150.81 -150.91
-60.03 83.23 150.74 -151.12
-60.72 83.3 150.72 -150.99
-61.82 83.56 150.67 -150.64
-62.57 83.54 150.67 -150.64
-62.72 83.57 150.75 -150.43
-62.72 83.62 150.75 -150.43
-62.72 83.62 150.75 -150.43
-62.87 83.62 151.1 -150.4
-62.87 83.68 151.1 -150.4
