-162.21 -25.45 53.69 145.50
-161.99 -26.0 54.1 145.65
-161.57 -25.76 54.37 145.84
-161.57 -25.52 54.37 145.84
-161.7 -25.52 54.56 145.84
-161.7 -25.52 54.56 145.84
-161.7 -25.52 54.56 145.84
-161.7 -25.52 54.56 145.84
-161.7 -25.52 54.56 145.84
-161.7 -25.52 54.56 145.84
-161.7 -25.52 54.56 145.84
-161.7 -25.52 54.92 145.84
-161.86 -25.07 55.06 145.84
-161.99 -24.79 54.55 145.91
-161.99 -25.23 53.97 145.91
-162.32 -25.82 53.83 145.76
-162.85 -25.9 53.96 145.71
-163.31 -25.52 53.96 145.71
-163.62 -25.15 54.27 145.71
-164.29 -25.11 54.56 145.55
-164.29 -25.11 54.56 145.55
-164.29 -25.11 54.1 145.37
-164.29 -25.28 54.1 145.37
-164.29 -25.28 54.1 145.37
-164.29 -25.28 54.1 145.37
-164.29 -25.28 54.1 145.37
-164.29 -25.28 54.1 145.37
-164.29 -25.28 54.1 145.37
-164.29 -25.28 54.1 145.37
-164.29 -25.28 53.13 145.01
-164.33 -25.48 52.98 145.01
-164.12 -26.05 53.54 145.01
-164.04 -26.43 53.64 145.01
-163.74 -27.34 54.19 144.77
-163.86 -27.57 54.9 144.5
-163.86 -27.54 55.62 144.7
-163.99 -27.64 55.62 145.16
-163.99 -27.91 55.62 145.16
-163.99 -27.91 55.47 145.43
-163.99 -28.11 55.49 145.43
-163.99 -28.11 55.49 145.43
-163.99 -28.11 55.49 145.43
-163.99 -28.11 55.49 145.43
-163.99 -28.11 55.49 145.43
-163.99 -28.11 55.49 145.43
-163.99 -28.11 55.49 145.43
-164.13 -28.11 55.49 145.43
-164.25 -28.11 55.44 145.43
-164.21 -28.65 55.63 145.74
-164.12 -28.86 55.8 145.74
-164.12 -29.18 55.8 145.74
-164.47 -29.18 55.19 144.83
-164.67 -30.22 54.31 144.34
-164.67 -30.22 53.93 142.88
-164.88 -30.57 54.09 142.88
-164.88 -30.88 54.09 142.88
-164.88 -30.88 54.18 143.17
-164.88 -31.1 54.18 143.17
-164.88 -31.1 54.18 143.17
-164.88 -31.1 54.18 143.17
-164.88 -31.1 54.18 143.17
-164.88 -31.1 54.18 143.17
-164.88 -31.1 54.18 143.17
-164.88 -31.1 54.18 143.17
-164.89 -31.1 54.23 143.17
-164.98 -31.27 54.67 143.68
-164.98 -30.93 54.67 143.68
-165.07 -30.93 56.06 143.88
-165.18 -30.93 56.83 141.92
-165.22 -29.98 57.19 143.56
-165.02 -29.57 57.36 143.88
-164.96 -29.29 57.64 143.88
-164.96 -29.92 57.72 144.14
-164.96 -30.11 57.72 144.14
-164.96 -30.11 57.72 144.14
-164.96 -30.37 57.72 144.14
-164.96 -30.37 57.72 144.14
-164.96 -30.37 57.72 144.14
-164.96 -30.37 57.72 144.14
-164.96 -30.37 57.72 144.14
-164.96 -30.37 57.72 144.14
-164.96 -30.37 57.72 144.14
-164.96 -30.37 57.88 144.15
-164.59 -30.94 57.88 144.11
-164.36 -31.13 57.07 144.12
-164.55 -31.32 56.59 144.12
-164.69 -30.59 56.16 143.92
-164.92 -30.59 55.74 137.78
-164.98 -30.4 55.65 128.4
-164.98 -30.12 55.65 128.4
-164.9 -30.12 55.58 146.81
-164.85 -30.23 55.43 146.87
-164.85 -30.35 55.43 146.87
-164.85 -30.35 55.43 146.87
-164.85 -30.35 55.43 146.87
-164.85 -30.35 55.43 146.87
-164.85 -30.35 55.43 146.87
-164.85 -30.35 55.43 146.87
-164.85 -30.35 55.43 146.87
-164.85 -30.35 55.61 146.87
-164.85 -30.35 55.61 146.87
-164.76 -30.35 55.82 146.91
-164.81 -30.41 55.95 147.82
-164.78 -31.1 56.67 148.35
-164.41 -31.32 56.67 149.76
-164.19 -31.38 57.28 149.76
-164.07 -31.72 57.51 150.66
-163.7 -31.97 57.69 151.51
-163.7 -32.15 57.69 151.51
-163.7 -32.15 57.69 151.51
-163.55 -32.15 60.85 153.08
-163.55 -32.15 60.85 153.08
-163.55 -32.15 60.85 153.08
-163.55 -32.15 60.85 153.08
-163.55 -32.15 60.85 153.08
-163.55 -32.15 60.85 153.08
-163.55 -32.15 60.85 153.08
-163.33 -32.15 60.06 151.52
-163.15 -31.97 57.31 149.96
-163.5 -31.72 56.18 148.28
-163.84 -31.54 55.65 147.77
-163.84 -31.5 55.09 147.77
-164.11 -31.56 55.05 147.56
-164.45 -31.69 54.83 147.29
-164.82 -31.69 54.83 147.15
-164.82 -31.95 54.38 146.95
-164.82 -31.12 54.38 146.95
-164.82 -31.12 54.38 146.95
-165.06 -31.12 54.38 146.95
-165.06 -31.12 54.38 146.95
-165.06 -31.12 54.38 146.95
-165.06 -31.12 54.38 146.95
-165.06 -31.12 54.38 146.95
-165.06 -31.12 54.38 146.95
-165.06 -31.12 54.38 146.95
-165.43 -31.12 54.33 146.86
-165.49 -30.81 54.56 146.94
-165.49 -30.37 54.9 146.53
-165.39 -30.26 54.99 146.08
-165.39 -30.24 55.31 145.64
-164.97 -29.95 55.43 144.92
-164.63 -29.62 55.51 144.92
-164.63 -29.18 55.86 144.56
-164.63 -29.14 55.86 144.56
-164.63 -29.14 56.0 148.15
-164.63 -29.4 56.0 148.15
-164.63 -29.4 56.0 148.15
-164.63 -29.4 56.0 148.15
-164.63 -29.4 56.0 148.15
-164.63 -29.4 56.0 148.15
-164.63 -29.4 56.0 148.15
-164.63 -29.4 56.0 148.15
-164.63 -29.4 55.96 146.48
-164.63 -29.59 55.97 142.8
-164.63 -29.92 55.57 142.52
-164.38 -29.82 55.33 142.24
-164.38 -29.57 55.15 141.59
-164.0 -29.7 54.93 141.22
-164.0 -29.64 54.55 140.99
-163.66 -29.66 54.28 140.81
-163.41 -29.47 54.65 140.64
-163.41 -29.46 54.65 140.64
-163.27 -29.46 54.65 140.64
-163.27 -29.46 54.65 140.64
-163.27 -29.46 54.65 140.64
-163.27 -29.46 54.65 140.64
-163.27 -29.46 54.65 140.64
-163.27 -29.46 54.65 140.64
-163.27 -29.46 54.65 140.64
-163.27 -29.46 54.65 140.64
-163.27 -29.46 54.65 140.64
-163.46 -29.46 54.92 140.61
-163.48 -29.27 55.23 140.62
-163.48 -29.54 55.23 140.62
-163.29 -29.54 56.46 140.62
-162.79 -30.23 56.46 140.49
-162.66 -30.23 56.46 140.81
-162.66 -30.1 57.02 140.94
-162.4 -29.93 57.43 140.94
-162.4 -29.76 57.43 140.94
-162.4 -29.76 57.43 141.09
-162.4 -29.76 57.43 141.09
-162.4 -29.76 57.43 141.09
-162.4 -29.76 57.43 141.09
-162.4 -29.76 57.43 141.09
-162.4 -29.76 57.43 141.09
-162.4 -29.76 57.43 141.09
-162.51 -29.76 57.06 141.09
-162.65 -29.77 56.72 141.35
-162.73 -29.78 55.86 141.35
-162.9 -28.83 55.86 141.59
-162.91 -27.91 55.65 141.91
-162.91 -27.42 55.65 141.91
-162.74 -27.42 54.83 142.59
-162.75 -27.5 54.71 142.79
-162.82 -27.66 54.71 142.79
-162.82 -28.23 54.71 142.79
-162.91 -28.23 54.65 142.83
-162.91 -28.23 54.65 142.83
-162.91 -28.23 54.65 142.83
