-147.86 -39.68 44.39 154.80
-147.64 -39.68 44.92 155.1
-147.4 -39.84 44.92 155.41
-147.33 -39.23 45.6 155.41
-147.36 -37.88 46.23 155.47
-147.36 -37.88 46.61 155.47
-147.49 -37.9 46.26 155.47
-147.49 -38.09 46.26 155.47
-147.49 -38.09 45.81 155.31
-147.49 -38.89 45.81 155.31
-147.53 -38.89 45.85 155.15
-147.53 -38.87 45.85 155.15
-147.53 -38.87 45.85 155.15
-147.53 -38.87 45.85 155.15
-147.53 -38.87 45.85 155.15
-147.53 -38.87 45.85 155.15
-147.53 -38.87 45.85 155.15
-147.53 -38.87 45.85 155.15
-147.46 -38.87 45.9 155.15
-147.14 -37.99 45.97 154.9
-146.44 -36.17 45.69 155.01
-146.02 -35.49 45.59 155.24
-145.92 -34.47 45.49 155.35
-145.92 -33.81 45.13 155.46
-145.68 -32.91 44.94 155.63
-145.49 -32.7 44.78 155.63
-145.51 -32.27 44.68 154.84
-145.34 -31.46 45.1 154.76
-145.29 -31.34 45.37 154.49
-145.5 -31.91 45.37 154.42
-145.5 -32.12 46.26 154.41
-145.5 -32.66 46.57 154.37
-145.54 -32.96 47.44 154.51
-145.54 -33.07 47.96 154.79
-145.54 -33.04 47.96 154.79
-145.54 -33.04 48.07 154.79
-145.54 -32.87 48.07 154.79
-145.54 -32.87 48.07 154.79
-145.54 -32.87 48.07 154.79
-145.54 -32.87 48.07 154.79
-145.54 -32.87 48.07 154.79
-145.54 -32.87 48.07 154.79
-145.54 -32.87 48.07 154.94
-145.64 -32.75 48.28 155.31
-145.64 -32.65 48.59 155.35
-145.62 -32.13 48.78 155.67
-145.52 -32.14 48.06 155.75
-145.52 -32.16 48.06 155.75
-145.6 -32.16 47.1 155.55
-145.49 -31.61 47.72 155.55
-145.49 -34.44 47.72 155.55
-145.49 -34.44 48.31 155.55
-145.49 -35.18 48.31 155.55
-145.49 -35.18 48.31 155.55
-145.49 -35.18 48.31 155.55
-145.49 -35.18 48.31 155.55
-145.57 -35.18 48.98 154.85
-145.3 -30.77 48.94 154.75
-145.41 -32.37 47.57 154.7
-145.46 -34.91 42.17 154.65
-146.35 -37.17 47.4 154.85
-146.9 -36.83 49.37 154.85
-146.9 -36.67 49.37 154.85
-146.9 -36.67 49.37 154.85
-146.9 -36.67 49.64 154.85
-146.9 -36.67 49.64 154.85
-146.9 -36.67 49.64 154.85
-146.9 -36.67 49.64 154.85
-146.9 -36.67 49.64 154.85
-146.9 -36.67 49.64 154.85
-146.9 -36.67 49.64 154.85
-148.27 -36.67 49.55 154.53
-148.03 -36.55 49.6 154.12
-147.82 -37.01 49.83 154.12
-147.82 -36.77 49.72 153.98
-147.82 -36.55 49.72 153.98
-148.04 -36.55 49.62 153.98
-148.15 -37.23 49.5 153.98
-148.15 -37.58 49.5 153.98
-148.19 -37.58 49.34 154.26
-148.19 -38.29 49.34 154.26
-148.19 -38.29 49.17 154.26
-148.19 -38.29 49.17 154.26
-148.19 -38.29 49.17 154.26
-148.19 -38.29 49.17 154.26
-148.7 -38.29 48.92 154.72
-148.7 -38.6 48.92 154.72
-148.91 -38.6 48.66 155.67
-149.29 -38.54 49.5 155.67
-149.02 -38.22 49.68 155.81
-149.02 -38.22 50.41 155.95
-148.96 -38.37 50.87 156.2
-148.96 -38.33 52.06 156.14
-148.96 -38.33 52.06 156.14
-148.88 -38.33 52.4 155.95
-148.88 -38.27 52.4 155.95
-148.88 -38.27 52.4 155.95
-148.88 -38.27 52.4 155.95
-148.88 -38.27 52.4 155.95
-149.52 -38.27 52.72 155.87
-149.84 -37.3 53.06 155.81
-150.03 -37.09 52.22 155.89
-150.84 -36.83 50.76 155.99
-151.07 -35.97 50.14 156.07
-151.22 -35.66 48.75 156.06
-150.78 -35.21 47.01 155.97
-150.78 -35.01 47.01 155.97
-150.65 -35.01 47.39 155.97
-150.65 -34.72 47.39 155.97
-150.65 -34.72 47.39 155.97
-150.65 -34.72 47.39 155.97
-150.65 -34.72 47.39 155.97
-150.65 -34.72 49.04 156.1
-149.49 -35.13 49.61 156.16
-149.49 -35.56 50.69 156.22
-149.05 -34.6 51.48 156.21
-148.6 -34.06 51.84 156.11
-148.6 -33.48 52.36 156.09
-148.29 -32.51 52.64 156.26
-148.29 -32.09 52.64 156.26
-147.19 -32.09 52.41 156.28
-147.19 -32.27 52.41 156.28
-147.19 -32.27 52.41 156.28
-147.19 -32.27 52.41 156.28
-147.19 -32.27 52.41 156.28
-147.19 -32.27 52.41 156.28
-147.19 -32.27 52.26 156.18
-147.15 -32.56 52.23 155.9
-147.77 -31.21 52.23 155.24
-147.77 -27.47 52.23 155.24
-148.6 -27.47 52.39 155.99
-148.7 -29.28 52.62 156.33
-148.74 -29.73 52.67 156.63
-148.47 -29.88 52.74 156.37
-148.47 -30.1 52.74 156.37
-148.23 -30.1 52.74 156.37
-148.23 -30.76 52.74 156.37
-148.23 -30.76 52.74 156.37
-148.23 -30.76 52.74 156.37
-148.23 -30.76 52.74 156.37
-147.84 -30.76 53.8 156.01
-147.84 -31.42 53.46 155.75
-147.47 -31.73 52.41 155.86
-147.13 -32.13 51.71 156.21
-147.13 -31.84 51.9 157.03
-147.17 -31.69 47.88 157.26
-147.17 -33.12 47.88 157.26
-147.17 -33.12 44.38 157.63
-147.17 -34.22 44.38 158.0
-147.17 -34.22 44.38 158.0
-147.17 -34.22 44.38 158.0
-147.17 -34.22 44.38 158.0
-147.17 -34.22 44.38 158.0
-147.17 -34.22 44.38 158.0
-147.17 -34.22 44.38 158.0
-147.11 -34.22 44.38 158.23
-146.85 -34.44 43.97 158.5
-146.54 -34.52 45.09 158.88
-146.07 -34.47 45.56 158.46
-145.84 -34.62 45.67 156.9
-145.97 -34.61 45.67 156.51
-146.1 -34.54 46.48 156.4
-146.2 -34.58 47.53 156.09
-146.21 -34.79 49.72 155.9
-146.21 -34.96 49.72 155.9
-146.06 -34.96 49.77 155.52
-146.06 -35.14 49.77 155.52
-146.06 -35.14 49.77 155.52
-146.06 -35.14 49.82 155.52
-146.06 -35.14 49.82 155.52
-146.06 -35.14 49.82 155.52
-145.9 -35.14 50.67 155.16
-145.75 -35.51 51.32 154.39
-145.7 -35.69 51.74 154.12
-145.72 -35.87 52.53 154.22
-145.39 -35.91 53.2 154.12
-145.63 -36.08 53.74 154.1
-145.71 -35.86 54.67 154.34
-145.71 -35.35 54.67 154.34
-145.71 -35.35 53.78 154.57
-145.89 -34.84 49.82 154.27
-146.1 -35.33 50.32 154.27
-146.43 -35.45 50.79 153.88
-146.98 -35.45 50.79 153.3
-147.48 -35.76 50.34 153.75
-147.68 -35.83 49.38 153.75
-147.68 -35.87 48.31 153.78
-147.68 -35.91 48.31 153.78
-148.04 -35.91 48.31 153.91
-148.04 -36.09 48.31 153.91
-148.04 -36.09 48.31 153.91
-148.04 -36.09 48.31 153.91
-148.04 -36.09 48.31 153.91
-148.04 -36.09 48.48 154.14
-148.04 -36.09 48.78 154.14
-148.36 -36.95 1.65 154.14
-149.29 -36.37 50.21 154.14
-149.6 -28.87 51.87 154.02
-149.82 -30.14 52.79 154.02
-150.12 -31.41 54.39 154.02
