-132.92 -34.49 41.86 161.64
-132.92 -35.6 41.86 161.64
-132.92 -35.6 41.37 161.64
-132.92 -35.83 41.37 162.18
-132.92 -35.83 41.37 162.18
-132.92 -35.83 41.37 162.18
-132.92 -35.83 41.37 162.18
-132.92 -35.83 41.37 162.18
-132.92 -35.83 41.37 162.18
-132.92 -35.83 41.37 162.18
-133.24 -35.83 41.37 162.63
-134.13 -35.91 41.37 162.98
-134.13 -36.05 41.09 163.41
-134.83 -36.44 40.98 163.38
-135.34 -36.39 40.98 163.61
-135.34 -36.41 40.87 162.97
-135.72 -36.39 41.19 162.97
-136.11 -36.33 41.37 162.28
-136.11 -36.08 41.57 160.96
-136.11 -35.93 41.57 160.96
-136.11 -35.93 41.57 160.96
-136.11 -35.93 41.57 160.96
-136.11 -35.74 41.57 160.96
-136.11 -35.74 41.57 160.96
-136.11 -35.74 41.57 160.96
-136.11 -35.74 41.57 160.96
-136.11 -35.74 41.57 160.96
-136.11 -35.74 41.57 160.96
-136.48 -35.74 42.52 160.31
-136.6 -35.89 43.04 160.48
-136.65 -35.77 43.37 160.59
-136.57 -35.87 43.26 160.59
-136.51 -35.61 43.26 160.65
-136.51 -35.53 43.26 160.65
-136.38 -35.53 43.36 161.03
-136.7 -36.96 43.42 161.7
-136.7 -37.74 43.42 161.7
-136.7 -37.74 43.42 161.7
-136.96 -37.74 43.42 161.7
-136.96 -37.74 43.42 161.7
-136.96 -37.74 43.42 161.7
-136.96 -37.74 43.42 161.7
-136.96 -37.74 43.42 161.7
-136.96 -37.74 43.42 161.7
-136.96 -37.74 43.42 161.87
-137.21 -37.74 44.09 161.87
-137.33 -38.47 44.45 162.16
-137.54 -38.53 44.36 162.16
-137.54 -38.25 44.36 162.16
-137.76 -38.25 44.2 161.74
-138.54 -37.46 44.2 161.78
-138.96 -37.28 44.2 161.38
-139.31 -36.9 44.2 160.91
-139.31 -37.2 44.2 160.91
-139.31 -37.2 44.2 160.91
-138.8 -37.2 44.2 160.91
-138.8 -37.39 44.2 160.91
-138.8 -37.39 44.2 160.91
-138.8 -37.39 44.2 160.91
-138.8 -37.39 44.2 160.91
-138.8 -37.39 44.2 160.91
-138.8 -37.39 44.2 160.91
-138.28 -37.39 44.2 160.78
-137.82 -37.47 43.49 161.03
-137.39 -37.29 44.32 161.19
-136.75 -37.19 44.51 161.44
-136.93 -37.16 44.75 161.51
-136.93 -37.49 45.08 161.9
-136.93 -38.19 45.45 162.01
-137.15 -38.19 45.52 162.12
-137.61 -37.68 45.52 162.29
-137.61 -36.99 45.52 162.29
-137.61 -36.99 45.52 162.29
-137.61 -36.99 45.55 162.29
-137.61 -36.99 45.55 162.29
-137.61 -36.99 45.55 162.29
-137.61 -36.99 45.55 162.29
-137.61 -36.99 45.55 162.29
-137.61 -36.99 45.55 162.29
-137.61 -36.99 45.55 162.29
-136.92 -36.99 45.63 162.1
-136.92 -35.93 44.75 162.1
-136.17 -35.82 44.03 161.84
-136.17 -36.38 43.03 161.57
-134.7 -36.22 43.03 160.87
-133.71 -36.22 43.15 160.87
-134.15 -35.51 44.03 160.63
-134.59 -35.02 44.84 160.38
-134.59 -34.94 44.84 160.38
-134.59 -34.94 44.84 160.38
-134.59 -34.94 44.91 160.93
-134.59 -34.66 44.91 160.93
-134.59 -34.66 44.91 160.93
-134.59 -34.66 44.91 160.93
-134.59 -34.66 44.91 160.93
-134.59 -34.66 44.91 160.93
-134.59 -34.66 44.91 160.93
-134.59 -34.66 44.91 161.01
-134.92 -34.56 44.92 161.17
-135.16 -35.16 45.42 161.4
-135.46 -35.64 45.95 161.03
-135.72 -35.95 45.95 160.17
-136.13 -36.04 46.66 159.83
-137.36 -36.03 47.21 159.83
-137.51 -36.06 46.91 159.83
-137.98 -36.24 46.55 159.83
-137.98 -36.46 46.55 159.83
-138.36 -36.46 46.55 159.65
-138.36 -36.31 46.55 159.65
-138.36 -36.31 46.55 159.44
-138.36 -36.31 46.55 159.44
-138.36 -36.31 46.55 159.44
-138.36 -36.31 46.55 159.44
-138.36 -36.31 46.55 159.44
-138.36 -36.31 46.55 159.44
-138.36 -36.31 46.14 159.44
-138.73 -36.33 45.93 159.47
-138.91 -36.08 45.71 159.3
-139.25 -35.64 45.25 159.26
-139.51 -35.16 45.25 159.77
-139.7 -35.86 44.86 159.89
-140.03 -36.33 45.06 160.32
-138.94 -36.65 45.06 160.78
-139.09 -36.17 45.31 160.87
-139.09 -35.64 45.31 160.87
-138.7 -35.64 45.76 160.87
-138.7 -35.64 45.76 160.87
-138.7 -35.64 45.76 160.87
-138.7 -35.64 45.76 160.87
-138.7 -35.64 45.76 160.87
-138.7 -35.64 45.76 160.87
-138.7 -35.64 45.76 160.87
-138.7 -35.64 45.76 160.87
-131.15 -35.64 45.99 160.87
-131.15 -35.1 45.64 161.19
-130.41 -34.56 45.44 161.7
-129.73 -34.03 45.27 162.15
-129.86 -34.45 45.1 162.42
-129.68 -34.57 45.05 162.63
-129.68 -34.71 44.96 163.0
-129.49 -35.14 44.92 163.13
-130.09 -35.27 45.03 163.03
-130.09 -35.39 45.03 163.03
-130.37 -35.39 45.03 163.03
-130.37 -35.39 45.03 163.03
-130.37 -35.39 45.03 163.03
-130.37 -35.39 45.03 163.03
-130.37 -35.39 45.03 163.03
-130.37 -35.39 45.03 163.03
-130.37 -35.39 45.03 163.03
-130.37 -35.39 45.03 163.03
-130.37 -35.39 45.29 163.4
-130.61 -34.93 45.62 169.88
-130.71 -34.7 45.84 171.88
-131.04 -34.91 45.84 173.28
-131.4 -35.49 45.71 173.28
-131.4 -35.86 45.71 173.28
-131.53 -35.86 44.72 169.4
-131.07 -35.73 44.4 167.48
-131.07 -35.73 44.4 167.48
-130.98 -35.73 44.03 166.14
-130.98 -35.94 44.03 166.14
-130.98 -35.94 44.03 166.14
-130.98 -35.94 44.03 166.14
-130.98 -35.94 44.03 166.14
-130.98 -35.94 44.03 166.14
-130.98 -35.94 44.03 166.14
-130.98 -35.94 44.03 166.14
-130.98 -35.94 44.03 166.14
-131.2 -35.94 43.75 163.78
-131.97 -35.93 43.73 162.4
-132.16 -35.94 44.7 161.93
-132.4 -36.23 45.52 161.49
-132.31 -36.25 45.91 161.19
-132.18 -35.88 45.68 160.75
-131.89 -35.56 45.01 160.33
-132.58 -35.56 44.99 160.5
-132.58 -35.28 44.99 160.5
-132.58 -35.28 44.52 160.53
-132.58 -35.28 44.52 160.53
-132.58 -35.28 44.52 160.53
-132.58 -35.28 44.52 160.53
-132.58 -35.28 44.52 160.53
-132.58 -35.28 44.52 160.53
-132.58 -35.28 44.52 160.53
-132.58 -35.28 44.52 160.53
-133.47 -35.28 44.23 160.53
-133.99 -34.91 43.88 160.6
-132.55 -34.5 43.88 160.82
-132.55 -34.92 43.48 160.83
-131.33 -35.14 43.39 160.83
-131.29 -35.31 42.92 160.83
-131.44 -35.12 41.31 160.83
-131.61 -35.35 39.74 161.0
-131.88 -35.48 38.58 161.03
-131.88 -35.51 38.58 161.03
-131.88 -35.51 38.58 161.03
-131.88 -35.51 38.58 161.03
-131.88 -35.51 38.58 161.03
-131.88 -35.51 38.58 161.03
