-55.21 22.91 93.81 105.85
-55.21 23.24 93.81 105.85
-54.94 23.24 95.34 105.85
-54.94 23.45 95.34 105.85
-54.94 23.45 95.34 105.85
-54.94 23.45 95.34 105.85
-54.94 23.45 95.34 105.85
-54.94 23.45 95.34 105.85
-54.94 23.45 95.34 105.85
-54.94 23.45 95.34 105.85
-55.24 23.45 95.34 106.11
-55.24 23.34 95.34 106.11
-56.19 23.34 96.01 107.32
-56.94 23.23 95.99 107.68
-56.97 23.5 95.89 107.98
-56.57 23.4 95.89 108.56
-56.45 23.28 95.95 108.77
-56.83 23.22 95.86 108.69
-57.23 23.35 95.83 108.74
-57.23 23.54 95.83 108.74
-57.32 23.54 95.83 109.06
-57.32 23.54 95.83 109.06
-57.32 23.54 95.83 109.06
-57.32 23.54 95.83 109.06
-57.32 23.54 95.83 109.06
-57.32 23.54 95.83 109.06
-57.32 23.54 95.83 109.06
-57.32 23.54 95.83 109.06
-57.32 23.54 95.83 109.06
-57.26 23.54 95.81 109.52
-56.96 23.38 96.65 109.4
-56.86 23.21 96.65 109.11
-56.81 23.04 97.08 109.4
-56.81 22.94 97.08 109.4
-56.6 22.94 97.25 109.25
-56.52 23.42 96.36 109.31
-56.52 22.12 96.36 109.31
-56.52 22.12 96.36 109.31
-56.43 22.12 96.0 109.15
-56.43 21.06 96.0 109.15
-56.43 21.06 96.0 109.15
-56.43 21.06 96.0 109.15
-56.43 21.06 96.0 109.15
-56.43 21.06 96.0 109.15
-56.43 21.06 96.0 109.15
-56.26 21.06 95.7 109.15
-56.07 20.92 95.77 109.2
-55.67 20.73 96.07 109.2
-55.55 20.56 96.47 109.2
-55.48 20.93 96.27 106.0
-55.48 21.05 96.27 106.0
-55.38 21.05 95.7 103.49
-55.35 21.89 95.15 101.32
-55.31 22.24 94.81 90.88
-55.31 21.73 94.81 90.88
-55.31 21.73 94.81 90.88
-55.31 21.73 94.81 90.88
-55.31 24.45 94.81 90.88
-55.31 24.45 94.81 90.88
-55.31 24.45 94.81 90.88
-55.31 24.45 94.81 90.88
-55.31 24.45 94.81 90.88
-55.31 24.45 94.81 84.61
-55.31 24.45 93.13 61.66
-55.34 21.95 93.59 42.47
-55.34 19.96 94.06 34.96
-55.66 20.09 93.94 22.71
-55.84 20.24 94.12 22.71
-55.84 20.65 94.16 9.55
-55.95 21.35 93.92 14.99
-55.87 21.66 94.06 32.54
-55.87 21.71 94.06 32.54
-55.87 21.71 94.36 59.25
-55.87 21.61 94.36 59.25
-55.87 21.61 94.36 59.25
-55.87 21.61 94.36 59.25
-55.87 21.61 94.36 59.25
-55.87 21.61 94.36 59.25
-55.87 21.61 94.36 59.25
-55.87 21.61 94.36 59.25
-55.83 21.61 95.24 59.25
-55.77 21.53 95.53 56.11
-55.77 21.47 96.08 50.41
-55.87 21.63 96.75 50.41
-55.87 21.87 96.75 50.41
-56.02 21.87 95.77 47.9
-56.07 21.5 95.32 52.23
-56.07 21.38 95.32 52.23
-56.65 21.38 96.68 60.82
-56.65 21.4 96.68 60.82
-56.65 21.4 96.68 60.82
-56.65 21.4 96.68 64.43
-56.65 21.4 96.68 64.43
-56.65 21.4 96.68 64.43
-56.65 21.4 96.68 64.43
-56.65 21.4 96.68 64.43
-56.65 21.4 96.68 64.43
-56.65 21.4 96.68 64.43
-56.65 21.4 97.1 66.42
-57.12 21.27 97.1 64.14
-57.37 21.27 97.1 55.72
-57.3 21.47 97.1 49.86
-57.11 21.58 97.1 72.5
-57.11 21.8 97.23 87.44
-57.11 22.05 97.23 35.17
-57.11 22.36 97.42 21.55
-57.11 22.53 97.42 21.55
-56.93 22.53 97.42 35.79
-56.93 22.42 97.42 35.79
-56.93 22.42 97.42 35.79
-56.93 22.42 97.42 35.79
-56.93 22.42 97.42 35.79
-56.93 22.42 97.42 35.79
-56.93 22.42 97.42 35.79
-56.93 22.42 97.42 35.79
-56.93 22.42 97.42 72.3
-56.56 22.34 97.86 72.3
-56.35 22.45 97.73 72.3
-56.12 22.49 97.73 104.23
-55.88 22.7 97.92 104.23
-55.88 22.71 98.03 93.69
-56.42 22.76 98.26 93.69
-57.81 22.49 98.43 93.69
-58.27 22.12 98.84 93.69
-58.27 22.02 98.84 93.69
-58.27 22.02 98.84 93.69
-58.27 22.02 98.88 71.32
-58.27 21.9 98.88 71.32
-58.27 21.9 98.88 71.32
-58.27 21.9 98.88 71.32
-58.27 21.9 98.88 71.32
-58.27 21.9 98.88 71.32
-58.27 21.9 98.88 71.32
-58.27 21.9 98.68 35.45
-58.83 21.84 98.21 11.71
-58.91 21.87 98.21 19.58
-59.09 22.57 98.04 33.97
-59.28 22.79 98.1 33.97
-59.28 22.84 97.94 66.38
-58.6 22.91 97.91 79.89
-58.18 22.73 97.65 100.09
-58.1 22.61 97.65 106.81
-58.1 22.26 97.65 106.81
-58.1 22.26 97.18 106.81
-58.1 22.18 97.18 106.81
-58.1 22.18 97.18 106.81
-58.1 22.18 97.18 106.81
-58.1 22.18 97.18 106.81
-58.1 22.18 97.18 106.81
-58.1 22.18 97.18 106.81
-58.1 22.18 97.18 106.81
-58.38 22.18 96.47 109.38
-58.82 22.26 96.47 110.28
-58.98 22.55 96.18 110.28
-59.27 22.74 95.31 110.46
-59.98 22.71 95.31 111.37
-60.04 22.69 97.93 111.41
-59.63 22.72 97.93 116.31
-58.98 22.82 97.93 117.9
-58.98 23.28 97.93 117.9
-58.98 23.28 97.93 117.9
-58.61 23.28 102.23 117.9
-58.61 23.39 102.23 117.9
-58.61 23.39 102.23 117.9
-58.61 23.39 102.23 117.9
-58.61 23.39 102.23 117.9
-58.61 23.39 102.23 117.9
-58.61 23.39 102.23 117.9
-58.61 23.39 105.53 118.17
-58.45 23.6 103.76 118.17
-58.45 23.8 103.42 119.23
-58.47 24.14 103.13 123.23
-58.65 24.04 102.88 168.2
-58.68 24.02 102.26 174.68
-58.91 24.1 101.76 174.68
-58.91 24.13 101.76 174.68
-56.99 24.13 100.5 -179.33
-56.99 23.61 100.5 -179.33
-56.99 23.61 100.5 -179.33
-56.99 23.48 100.5 -179.33
-56.99 23.48 100.5 -179.33
-56.99 23.48 100.5 -179.33
-56.99 23.48 100.5 -179.33
-56.99 23.48 100.5 -179.33
-56.99 23.48 100.5 -179.33
-56.99 23.48 100.5 -179.33
-56.99 23.48 98.9 -165.88
-55.98 23.06 96.16 -165.88
-56.75 23.08 96.16 -157.25
-57.11 23.61 96.16 -151.83
-57.88 23.46 94.82 -151.83
-58.21 23.25 95.88 -148.89
-58.21 23.13 97.38 -148.89
-58.67 22.88 97.38 -146.19
-58.67 23.04 97.38 -146.19
-58.67 23.04 97.38 -146.19
-59.06 23.04 97.97 -146.19
-59.06 23.18 97.97 -146.19
-59.06 23.18 97.97 -146.19
-59.06 23.18 97.97 -146.19
