40.13 104.83 -154.80 -17.33
40.13 104.7 -154.8 -17.33
40.13 104.7 -154.8 -17.33
40.13 104.7 -154.8 -17.33
40.13 104.7 -154.8 -17.33
40.13 104.7 -154.8 -17.33
40.13 104.7 -154.8 -17.33
39.31 104.7 -154.8 -17.27
38.72 104.62 -154.8 -17.08
37.84 104.75 -150.57 -17.08
37.68 105.12 -151.13 -17.09
37.94 105.27 -149.4 -16.93
38.06 105.7 -149.4 -17.49
38.14 105.76 -149.6 -17.83
38.14 106.15 -150.1 -17.83
38.14 106.33 -150.28 -18.14
38.14 106.5 -150.28 -18.14
38.14 106.5 -151.44 -18.41
38.14 106.51 -151.44 -18.41
38.14 106.51 -151.44 -18.41
38.14 106.51 -151.44 -18.41
38.14 106.51 -151.44 -18.41
38.14 106.51 -151.44 -18.41
38.14 106.51 -151.44 -18.41
38.14 106.51 -151.44 -18.41
38.14 106.51 -151.49 -18.72
38.14 106.47 -153.46 -18.87
38.48 106.46 -153.59 -19.19
38.67 106.71 -152.32 -19.22
38.67 107.41 -152.32 -19.22
38.94 107.41 -152.08 -19.08
39.47 107.03 -152.08 -18.97
39.82 106.43 -152.26 -18.83
39.82 106.2 -153.38 -18.83
39.82 106.47 -153.38 -18.83
40.06 106.47 -153.38 -18.83
40.06 106.47 -153.38 -18.83
40.06 106.47 -153.59 -18.83
40.06 106.47 -153.59 -18.83
40.06 106.47 -153.59 -18.83
40.06 106.47 -153.59 -18.83
40.06 106.47 -153.59 -18.83
40.06 106.47 -153.59 -18.83
40.36 106.47 -155.07 -18.83
40.19 107.02 -155.07 -18.97
40.19 107.07 -157.09 -19.48
39.39 107.04 -157.09 -19.79
39.14 106.99 -158.55 -19.89
39.14 106.85 -159.13 -20.03
39.13 106.76 -159.32 -20.16
39.12 106.76 -159.7 -20.16
39.12 106.55 -159.7 -20.16
39.12 106.55 -159.52 -20.32
39.12 106.06 -159.52 -20.32
39.12 106.06 -159.52 -20.32
39.12 106.06 -159.52 -20.32
39.12 105.81 -159.52 -20.32
39.12 105.81 -159.52 -20.32
39.12 105.81 -159.52 -20.32
39.12 105.81 -159.52 -20.32
39.12 105.81 -159.52 -20.32
39.12 105.81 -159.82 -16.69
38.73 105.05 -160.21 -15.85
38.36 104.76 -160.49 -15.85
38.36 104.62 -160.87 -16.0
37.9 104.45 -160.86 -16.27
37.9 104.09 -160.86 -16.27
37.07 104.09 -161.44 -16.42
37.07 103.74 -161.6 -16.62
37.07 103.79 -161.6 -16.62
36.55 103.79 -161.6 -16.67
36.55 103.97 -161.6 -16.67
36.55 103.97 -161.6 -16.67
36.55 103.97 -161.6 -16.67
36.55 103.97 -161.6 -16.67
36.55 103.97 -161.6 -16.67
36.55 103.97 -161.6 -16.67
36.55 103.97 -161.6 -16.67
36.55 103.97 -161.35 -16.7
36.35 104.76 -161.35 -16.68
36.09 105.57 -162.8 -16.58
36.33 105.82 -163.75 -16.62
36.33 105.83 -164.95 -16.66
37.15 105.94 -166.03 -16.71
37.92 105.81 -166.65 -16.58
37.92 105.86 -167.02 -16.51
38.21 105.87 -167.02 -16.27
38.21 105.91 -167.02 -16.27
38.21 105.91 -167.02 -16.27
38.21 105.96 -167.02 -16.27
38.21 105.96 -167.02 -16.27
38.21 105.96 -167.02 -16.27
38.21 105.99 -167.02 -16.27
38.21 105.99 -167.02 -16.27
38.21 105.99 -167.02 -16.27
38.21 105.99 -167.02 -16.27
38.22 105.99 -167.79 -16.35
38.43 106.04 -167.79 -16.52
38.27 105.89 -167.79 -16.86
38.18 105.9 -167.79 -17.95
38.01 105.97 -168.9 -18.16
37.94 105.97 -169.36 -17.9
37.95 106.01 -169.55 -17.82
38.05 105.7 -170.41 -18.07
38.05 105.29 -170.41 -18.07
38.05 105.29 -170.41 -18.07
38.21 105.29 -170.58 -18.07
38.21 105.21 -170.58 -18.07
38.21 105.21 -170.58 -18.07
38.21 105.21 -170.58 -18.07
38.21 105.21 -170.58 -18.07
38.21 105.21 -170.58 -18.07
38.21 105.21 -170.58 -18.07
38.21 105.21 -170.58 -18.07
38.29 105.21 -170.58 -18.32
38.2 105.04 -170.59 -18.51
38.2 104.65 -170.59 -18.51
37.63 104.65 -169.0 -18.68
37.63 104.45 -168.84 -19.27
37.25 104.57 -169.61 -19.27
36.99 104.57 -170.25 -19.33
36.77 104.64 -170.66 -19.51
36.77 104.76 -170.66 -19.51
36.77 104.76 -170.66 -19.51
36.77 104.76 -170.66 -19.48
36.77 104.83 -170.66 -19.48
36.77 104.83 -170.66 -19.48
36.77 104.83 -170.66 -19.48
36.77 104.83 -170.66 -19.48
36.77 104.83 -170.66 -19.48
36.77 104.83 -170.66 -19.48
36.58 104.83 -172.1 -19.43
36.58 104.87 -172.43 -19.46
36.42 104.72 -173.42 -19.27
35.92 104.79 -173.58 -19.27
35.67 104.99 -173.42 -19.27
35.67 105.41 -173.42 -19.27
35.67 105.41 -173.42 -18.77
35.84 106.59 -173.86 -18.27
35.84 106.82 -173.86 -18.27
36.23 106.82 -173.86 -18.27
36.23 106.4 -173.86 -18.27
36.23 106.4 -173.86 -18.27
36.23 106.4 -173.86 -18.27
36.23 106.4 -173.86 -18.27
36.23 106.4 -173.86 -18.27
36.23 106.4 -173.86 -18.27
36.23 106.4 -173.86 -18.27
36.23 106.4 -173.86 -18.27
36.54 106.4 -174.65 -17.74
37.17 104.93 -175.42 -17.74
37.47 104.41 -175.94 -17.74
37.47 103.93 -176.29 -17.49
37.47 104.07 -176.29 -17.49
37.83 104.07 -176.33 -17.24
38.62 104.71 -176.5 -17.24
39.44 104.63 -176.5 -16.9
39.44 104.57 -176.5 -16.9
39.82 104.57 -176.5 -16.9
39.82 104.64 -176.5 -16.9
39.82 104.64 -176.5 -16.9
39.82 104.64 -176.5 -16.9
39.82 104.64 -176.5 -16.9
39.82 104.64 -176.5 -16.9
39.82 104.64 -176.5 -16.9
39.82 104.64 -176.5 -16.9
39.82 104.64 -176.5 -16.9
40.52 104.64 -176.84 -16.84
40.52 105.37 -176.84 -16.84
40.52 105.37 -178.11 -16.83
40.82 105.19 -177.88 -16.89
41.01 104.89 -177.88 -16.85
39.42 104.66 -175.04 -16.85
38.5 104.64 -175.04 -17.16
38.5 104.51 -175.04 -17.16
37.72 104.51 -174.14 -17.16
37.72 104.57 -174.14 -17.16
37.72 104.57 -174.14 -17.16
37.72 104.57 -174.14 -17.16
37.72 104.57 -174.14 -17.16
37.72 104.57 -174.14 -17.16
37.72 104.57 -174.14 -17.16
37.72 104.57 -174.14 -17.16
36.85 104.57 -174.14 -17.1
36.85 104.59 -176.28 -17.22
38.66 104.92 -176.28 -17.14
39.29 105.01 -178.19 -17.14
39.81 105.35 -179.33 -16.92
39.81 105.42 178.33 -17.37
38.7 105.76 178.33 -17.67
38.7 105.52 178.26 -18.38
38.37 105.53 178.4 -18.53
38.37 105.24 178.4 -18.53
38.37 105.24 178.08 -18.37
38.37 105.03 178.08 -18.37
38.37 105.03 178.08 -18.37
38.37 105.03 178.08 -18.37
38.37 105.03 178.08 -18.37
38.37 105.03 178.08 -18.37
38.37 105.03 178.08 -18.37
