33.75 103.63 -112.00 -35.38
33.75 103.63 -112.0 -35.38
33.61 103.63 -112.0 -36.82
34.87 103.78 -112.68 -36.82
36.3 103.26 -112.68 -37.08
37.38 102.54 -112.68 -36.88
37.44 102.4 -112.87 -36.55
37.58 102.25 -113.13 -36.08
37.55 102.34 -113.08 -35.46
37.55 102.31 -113.07 -35.07
37.83 102.45 -113.11 -33.97
37.83 102.62 -113.11 -33.97
37.83 102.62 -113.11 -33.97
37.83 102.71 -112.89 -33.97
37.83 102.71 -112.89 -33.97
37.83 102.71 -112.89 -33.97
37.83 102.71 -112.89 -33.97
37.83 102.71 -112.89 -33.97
37.83 102.71 -112.89 -33.97
37.83 102.71 -112.89 -33.97
38.32 102.71 -112.49 -33.43
38.49 103.15 -112.19 -32.42
38.49 103.46 -112.09 -32.42
38.49 103.42 -112.86 -31.87
38.76 103.32 -112.86 -31.44
38.76 103.08 -112.86 -31.44
38.82 103.08 -113.24 -31.05
38.82 101.36 -113.24 -31.05
38.79 101.36 -113.24 -30.33
38.79 101.49 -113.24 -30.33
38.79 101.49 -113.28 -30.25
38.79 101.43 -113.28 -30.25
38.79 101.43 -113.28 -30.25
38.79 101.43 -113.28 -30.25
38.79 101.43 -113.28 -30.25
38.79 101.43 -113.28 -30.25
38.79 101.43 -113.28 -30.25
38.89 101.43 -113.28 -30.25
38.62 101.95 -113.28 -30.25
38.62 102.81 -113.04 -30.27
38.49 103.07 -112.88 -30.3
38.23 103.24 -112.75 -30.38
38.23 103.29 -112.75 -30.38
37.88 103.29 -111.77 -30.11
37.56 102.44 -111.77 -30.17
37.27 102.67 -111.27 -30.17
37.27 103.55 -111.27 -30.17
37.27 103.55 -111.27 -30.17
37.05 103.55 -111.39 -30.17
37.05 103.65 -111.39 -30.17
37.05 103.65 -111.39 -30.17
37.05 103.65 -111.39 -30.17
37.05 103.65 -111.39 -30.17
37.05 103.65 -111.39 -30.17
37.05 103.65 -111.39 -30.17
36.4 103.65 -111.39 -30.17
36.01 104.01 -111.39 -30.6
36.01 104.08 -111.59 -30.78
36.01 104.18 -111.52 -30.93
35.82 103.33 -111.52 -31.47
35.58 102.92 -111.5 -31.72
35.53 102.38 -111.5 -31.73
35.53 102.36 -111.46 -31.7
35.53 102.54 -111.49 -31.6
35.53 102.45 -111.49 -31.6
35.53 102.45 -111.49 -31.6
35.53 102.45 -111.19 -31.61
35.53 102.29 -111.19 -31.61
35.53 102.29 -111.19 -31.61
35.53 102.29 -111.19 -31.61
35.53 102.29 -111.19 -31.61
35.53 102.29 -111.19 -31.61
35.53 102.29 -111.19 -31.61
35.6 102.29 -110.9 -31.86
35.66 102.06 -110.71 -32.45
35.66 102.31 -110.63 -32.67
35.66 102.54 -110.77 -32.92
36.02 102.73 -110.91 -32.91
36.11 102.85 -111.17 -32.93
36.26 102.86 -111.17 -33.0
36.57 103.09 -111.47 -33.01
36.57 103.08 -111.47 -33.01
36.68 103.08 -112.09 -32.92
36.68 103.04 -112.09 -32.92
36.68 103.04 -112.09 -32.92
36.68 103.04 -112.09 -32.92
36.68 103.04 -112.09 -32.92
36.68 103.04 -112.09 -32.92
36.68 103.04 -112.09 -32.92
36.68 103.04 -112.09 -32.92
36.68 103.04 -112.09 -32.92
36.75 103.09 -112.18 -33.1
36.9 103.12 -111.99 -32.95
37.03 103.26 -111.82 -30.83
37.03 103.36 -111.62 -31.98
36.91 103.8 -111.76 -32.4
36.82 103.3 -111.94 -32.3
36.82 103.05 -112.34 -32.75
36.7 102.51 -112.46 -33.97
36.7 102.38 -112.46 -33.97
36.54 102.38 -113.08 -33.97
36.54 102.26 -113.08 -33.97
36.54 102.26 -113.08 -33.97
36.54 102.26 -113.08 -33.97
36.54 102.26 -113.08 -33.97
36.54 102.26 -113.08 -33.97
36.54 102.26 -113.08 -33.97
36.54 102.26 -113.08 -33.97
36.54 102.26 -113.08 -33.97
36.54 102.26 -113.68 -36.54
36.28 101.81 -113.68 -37.95
36.28 101.91 -113.35 -38.05
36.08 102.34 -112.94 -38.21
35.94 103.0 -112.6 -38.21
35.7 103.58 -112.6 -37.28
35.7 103.71 -112.4 -36.83
34.25 103.68 -112.17 -36.72
34.25 103.65 -112.17 -36.72
34.25 103.65 -112.15 -36.63
34.25 103.63 -112.15 -36.63
34.25 103.63 -112.15 -36.63
34.25 103.63 -112.15 -36.63
34.25 103.63 -112.15 -36.63
34.25 103.63 -112.15 -36.63
34.25 103.63 -112.15 -36.63
34.25 103.63 -112.15 -36.63
34.74 103.63 -112.13 -36.3
37.33 103.76 -112.26 -36.3
37.33 104.16 -112.36 -35.92
38.14 104.63 -112.83 -35.92
38.03 104.7 -112.83 -35.5
38.03 104.84 -113.35 -34.88
37.68 104.79 -113.35 -34.33
36.62 104.81 -113.44 -34.33
36.62 104.58 -113.29 -34.94
36.62 104.28 -113.29 -34.94
36.19 104.28 -113.29 -34.94
36.19 104.28 -113.29 -34.94
36.19 104.28 -113.29 -34.94
36.19 104.28 -113.29 -34.94
36.19 104.28 -113.29 -34.94
36.19 104.28 -113.29 -34.94
36.19 104.28 -113.29 -34.94
36.19 104.28 -113.29 -34.94
36.46 104.28 -113.07 -35.12
36.66 103.34 -113.07 -35.11
36.96 102.72 -112.92 -35.11
37.15 102.41 -112.75 -35.11
37.15 102.52 -112.41 -35.11
37.06 102.52 -112.21 -35.17
37.06 102.38 -112.17 -35.35
37.17 102.45 -112.17 -36.39
37.17 102.71 -112.17 -36.39
37.13 102.71 -112.13 -36.45
37.13 102.69 -112.13 -36.45
37.13 102.69 -112.13 -36.45
37.13 102.69 -112.13 -36.45
37.13 102.68 -112.13 -36.45
37.13 102.68 -112.13 -36.45
37.13 102.68 -112.13 -36.45
37.13 102.68 -112.13 -36.45
37.13 102.68 -112.13 -35.68
37.24 102.68 -112.04 -35.38
37.24 102.77 -112.12 -35.03
36.94 102.88 -112.05 -36.97
36.54 102.88 -112.12 -36.97
36.54 102.76 -112.14 -38.23
36.34 102.77 -112.16 -39.19
36.17 102.77 -112.32 -39.19
36.17 102.92 -112.74 -39.83
36.17 103.01 -112.74 -39.83
36.2 103.01 -112.74 -39.93
36.2 103.01 -112.74 -39.93
36.2 103.01 -112.74 -39.93
36.2 103.01 -112.74 -39.93
36.2 103.01 -112.74 -39.93
36.2 103.01 -112.74 -39.93
36.2 103.01 -112.74 -39.93
35.82 103.01 -112.95 -39.93
35.64 103.02 -113.05 -39.81
35.9 102.99 -113.17 -39.87
35.9 103.05 -113.28 -39.61
36.15 102.47 -113.35 -39.61
36.41 101.89 -113.4 -39.14
36.61 101.82 -113.03 -38.91
36.79 101.61 -112.77 -38.64
37.29 101.62 -112.51 -38.94
37.29 101.66 -112.51 -38.94
37.29 101.66 -112.51 -38.94
37.29 101.66 -112.26 -38.94
37.29 101.78 -112.26 -38.94
37.29 101.78 -112.26 -38.94
37.29 101.78 -112.26 -38.94
37.29 101.78 -112.26 -38.94
37.29 101.78 -112.26 -38.94
37.29 101.78 -112.26 -38.94
38.2 101.78 -112.07 -38.94
38.58 101.88 -111.88 -39.06
38.9 101.95 -111.76 -39.12
38.22 101.99 -111.61 -38.99
