15.11 121.91 -112.54 -19.10
15.65 121.9 -113.19 -18.98
15.65 121.76 -113.19 -18.98
15.69 121.76 -113.19 -18.98
15.69 121.71 -113.19 -18.98
15.69 121.71 -113.19 -18.98
15.69 121.71 -113.19 -18.98
15.69 121.71 -113.19 -18.98
15.69 121.71 -113.19 -18.98
15.69 121.71 -113.19 -18.98
15.69 121.71 -113.19 -18.98
16.57 121.71 -113.19 -18.83
16.64 121.38 -113.78 -18.66
16.89 121.37 -114.26 -18.6
17.34 121.39 -121.39 -18.6
17.59 121.44 -122.7 -18.78
18.21 121.09 -123.92 -18.98
19.27 120.94 -124.19 -19.27
20.56 120.96 -123.93 -19.54
20.56 120.7 -123.93 -19.54
21.2 120.7 -123.93 -19.54
21.2 120.49 -123.93 -19.54
21.2 120.49 -123.93 -19.54
21.2 120.49 -123.93 -19.54
21.2 120.49 -123.93 -19.54
21.2 120.49 -123.93 -19.54
21.2 120.49 -123.93 -19.54
21.2 120.49 -123.93 -19.54
21.28 120.49 -124.71 -19.81
21.28 120.49 -126.5 -19.52
21.25 120.66 -128.52 -19.34
21.25 120.66 -128.52 -19.34
20.18 120.66 -131.78 -19.19
19.68 120.74 -132.68 -19.7
19.68 120.99 -132.22 -20.0
19.76 121.65 -131.94 -20.2
20.39 121.42 -131.62 -20.2
20.39 121.04 -131.62 -20.2
20.76 121.04 -131.62 -20.2
20.76 120.69 -131.62 -20.2
20.76 120.69 -131.62 -20.2
20.76 120.69 -131.62 -20.2
20.76 120.69 -131.62 -20.2
20.76 120.69 -131.62 -20.2
20.76 120.69 -131.62 -20.2
20.76 120.69 -131.62 -20.2
21.03 120.69 -131.46 -20.31
21.04 120.15 -131.46 -20.67
20.94 119.64 -131.52 -24.29
20.91 119.64 -131.29 -24.67
20.98 119.97 -130.02 -24.79
21.15 120.11 -130.02 -24.35
21.25 120.19 -129.4 -24.09
21.25 120.31 -127.19 -23.96
21.25 120.62 -127.19 -23.55
21.25 120.37 -127.19 -23.55
21.25 120.37 -127.19 -23.55
21.28 120.37 -127.19 -23.55
21.28 120.32 -127.19 -23.55
21.28 120.32 -127.19 -23.55
21.28 120.32 -127.19 -23.55
21.28 120.32 -127.19 -23.55
21.28 120.32 -127.19 -23.55
21.28 120.32 -127.19 -23.52
21.76 120.32 -124.64 -23.42
21.76 120.61 -122.77 -23.17
22.28 120.66 -121.87 -23.17
22.59 120.81 -121.87 -22.61
22.59 121.13 -121.87 -22.61
22.48 121.13 -121.89 -22.61
22.38 121.66 -121.82 -22.05
22.25 121.69 -121.84 -21.68
22.25 121.73 -121.84 -21.68
22.24 121.73 -122.01 -21.68
22.24 121.67 -122.01 -21.68
22.24 121.67 -122.01 -21.68
22.24 121.67 -122.01 -21.68
22.24 121.67 -122.01 -21.68
22.24 121.67 -122.01 -21.68
22.24 121.67 -122.01 -21.68
22.24 121.67 -122.01 -21.68
22.74 121.67 -121.85 -21.68
22.74 121.39 -121.68 -21.37
23.21 120.88 -121.16 -21.34
23.21 120.24 -121.79 -22.68
23.45 120.07 -122.49 -23.49
23.27 119.81 -123.3 -23.62
23.27 119.44 -123.3 -22.91
23.13 118.98 -123.3 -22.64
22.78 119.48 -123.85 -22.09
22.78 119.48 -123.85 -22.09
22.78 119.48 -123.85 -21.81
22.78 119.48 -123.85 -21.81
22.78 119.48 -123.85 -21.81
22.78 119.48 -123.85 -21.81
22.78 119.48 -123.85 -21.81
22.78 119.48 -123.85 -21.81
22.78 119.48 -123.85 -21.81
22.61 119.48 -124.19 -21.58
22.5 119.48 -124.19 -21.13
22.5 119.76 -124.52 -20.19
21.87 120.06 -125.16 -20.99
21.87 120.1 -125.74 -20.56
23.49 120.07 -125.54 -20.79
24.7 120.06 -125.3 -20.9
25.21 120.11 -125.2 -20.77
25.16 120.25 -125.14 -20.77
25.16 120.21 -125.14 -20.77
25.16 120.21 -125.14 -20.84
25.16 120.16 -125.14 -20.84
25.16 120.16 -125.14 -20.84
25.16 120.16 -125.14 -20.84
25.16 120.16 -125.14 -20.84
25.16 120.16 -125.14 -20.84
25.16 120.16 -125.14 -20.84
25.16 120.16 -125.14 -20.84
25.16 120.16 -124.36 -20.84
23.23 119.94 -124.22 -21.13
22.92 119.9 -124.13 -21.11
21.44 120.06 -124.13 -21.2
21.44 120.2 -124.38 -21.2
21.01 119.76 -124.28 -21.16
20.97 119.73 -124.28 -21.13
19.25 119.83 -124.28 -21.09
19.25 119.83 -124.28 -21.09
17.04 119.83 -124.53 -20.93
17.04 119.68 -124.53 -20.93
17.04 119.68 -124.53 -20.93
17.04 119.68 -124.53 -20.93
17.04 119.68 -124.53 -20.93
17.04 119.68 -124.53 -20.93
17.04 119.68 -124.53 -20.93
17.04 119.68 -124.53 -20.93
17.04 119.68 -124.53 -20.93
17.04 119.68 -124.53 -20.93
19.88 119.68 -123.91 -20.7
20.74 119.54 -123.91 -20.63
22.23 119.86 -123.79 -20.44
21.73 120.01 -122.59 -22.94
21.32 120.14 -122.26 -25.0
21.18 120.03 -121.65 -21.88
21.04 120.01 -121.7 -21.88
21.04 120.06 -121.7 -21.88
21.04 120.06 -121.76 -21.71
21.04 120.08 -121.76 -21.71
21.04 120.08 -121.76 -21.71
21.04 120.08 -121.76 -21.71
21.04 120.08 -121.76 -21.71
21.04 120.08 -121.76 -21.71
21.04 120.08 -121.76 -21.71
21.04 120.08 -121.76 -21.71
21.33 120.08 -128.08 -21.43
21.33 120.61 -128.08 -21.43
21.22 120.61 -129.25 -20.96
21.08 120.23 -130.51 -20.96
20.36 120.03 -131.29 -20.96
19.22 119.86 -131.56 -20.77
19.22 119.62 -131.83 -21.14
19.22 119.95 -131.83 -21.14
19.22 119.95 -131.83 -21.14
19.22 119.95 -131.83 -21.14
19.22 119.95 -131.83 -21.14
19.22 119.95 -131.83 -21.14
19.22 119.95 -131.83 -21.14
19.22 119.95 -131.83 -21.14
19.22 119.95 -131.83 -21.14
19.22 119.95 -131.83 -21.14
18.61 119.95 -132.36 -21.37
18.68 120.42 -132.22 -21.33
19.43 120.4 -132.24 -21.42
20.03 120.51 -131.87 -21.42
20.59 120.44 -131.84 -20.62
20.27 120.24 -132.1 -20.47
19.94 120.13 -131.94 -20.33
19.94 120.04 -132.25 -20.06
19.94 119.81 -132.25 -20.06
19.94 119.81 -132.25 -20.06
19.7 119.81 -132.07 -19.81
19.7 119.59 -132.07 -19.81
19.7 119.59 -132.07 -19.81
19.7 119.59 -132.07 -19.81
19.7 119.59 -132.07 -19.81
19.7 119.59 -132.07 -19.81
19.7 119.59 -132.07 -19.81
19.7 119.59 -131.04 -19.52
19.7 119.39 -129.69 -19.52
19.56 119.06 -129.15 -19.73
19.34 118.75 -128.14 -19.9
19.46 118.53 -128.09 -19.95
19.58 118.43 -128.86 -19.95
19.58 118.03 -128.86 -19.95
19.82 118.03 -125.11 -20.07
19.95 118.25 -100.71 -19.91
19.95 117.96 -100.71 -19.91
19.95 117.96 -100.71 -19.91
19.95 117.96 -88.4 -19.91
19.95 117.96 -88.4 -19.91
19.95 117.96 -88.4 -19.91
19.95 117.96 -88.4 -19.91
19.95 117.96 -88.4 -19.91
