32.24 126.19 93.23 -25.44
31.91 126.13 93.18 -25.59
30.8 125.96 93.18 -25.69
30.8 125.81 93.35 -26.09
30.41 125.52 93.28 -26.06
30.41 125.61 93.52 -25.57
30.41 125.76 93.58 -25.33
29.2 125.83 93.7 -25.04
27.91 125.96 93.78 -25.04
27.91 125.97 93.78 -25.04
27.91 125.97 93.78 -24.97
27.91 126.0 93.78 -24.97
27.91 126.0 93.78 -24.97
27.91 126.0 93.78 -24.97
27.91 126.0 93.78 -24.97
27.91 126.0 93.78 -24.97
27.91 126.0 93.78 -24.97
27.91 126.0 93.78 -24.97
27.07 126.0 94.03 -24.9
27.07 126.06 94.33 -23.55
26.74 126.05 94.4 -26.0
26.39 126.16 94.53 -24.69
26.06 126.14 94.45 -23.31
25.76 126.19 94.44 -22.3
26.45 126.39 94.52 -22.39
26.45 126.53 94.62 -21.01
26.45 126.8 94.62 -21.01
26.78 126.8 94.62 -19.78
26.78 126.97 94.62 -19.78
26.78 126.97 94.62 -19.78
26.78 126.97 94.62 -19.78
26.78 126.97 94.62 -19.78
26.78 126.97 94.62 -19.78
26.78 126.97 94.62 -19.78
26.78 126.97 94.62 -19.78
26.91 126.97 94.62 -18.46
27.09 126.94 94.62 -18.59
27.29 126.87 94.62 -19.39
27.4 126.81 94.62 -20.57
27.67 126.15 94.71 -21.75
27.71 126.07 94.71 -22.79
27.29 126.24 94.79 -23.23
27.37 126.56 94.9 -23.77
27.44 126.47 94.93 -23.77
27.44 126.11 94.93 -23.77
28.08 126.11 94.93 -23.77
28.08 125.82 94.93 -23.77
28.08 125.82 94.93 -23.77
28.08 125.82 94.93 -23.64
28.08 125.82 94.93 -23.64
28.08 125.82 94.93 -23.64
28.08 125.82 94.93 -23.64
28.08 125.82 94.93 -23.64
29.64 125.82 94.9 -23.66
29.64 125.43 94.9 -23.21
29.37 125.06 94.96 -22.84
31.94 124.94 94.81 -22.48
32.22 124.72 94.62 -22.21
32.22 124.64 94.48 -21.63
31.98 124.77 94.24 -21.49
31.15 124.92 94.26 -21.31
31.15 125.11 94.26 -21.31
30.41 125.11 94.24 -21.3
30.41 125.11 94.24 -21.3
30.41 125.11 94.24 -21.3
30.41 125.22 94.24 -21.3
30.41 125.22 94.24 -21.3
30.41 125.22 94.24 -21.3
30.41 125.22 94.24 -21.3
30.41 125.22 94.24 -21.3
28.46 125.22 94.24 -21.7
28.46 125.22 94.24 -21.7
27.93 125.22 94.37 -22.98
27.93 125.04 94.37 -22.98
28.13 125.04 94.35 -23.9
28.41 124.97 94.35 -24.69
28.56 125.18 94.26 -25.36
28.56 125.3 94.26 -25.36
28.44 125.3 94.26 -26.51
28.44 125.32 94.26 -26.51
28.44 125.32 94.26 -26.51
28.44 125.32 95.44 -26.27
28.44 125.33 95.44 -26.27
28.44 125.33 95.44 -26.27
28.44 125.33 95.44 -26.27
28.44 125.33 95.44 -26.27
28.44 125.33 95.44 -26.27
28.44 125.33 95.44 -26.27
28.46 125.33 93.84 -26.27
28.44 125.49 92.15 -25.83
28.56 125.88 91.87 -25.31
28.56 125.86 91.69 -24.17
28.44 125.77 91.69 -23.63
28.48 125.61 91.8 -23.63
29.06 125.42 91.75 -23.49
29.13 125.51 91.61 -23.49
29.22 124.94 91.69 -22.96
29.22 124.25 91.69 -22.96
29.15 124.25 91.69 -22.96
29.15 123.92 91.69 -22.96
29.15 123.92 91.69 -22.96
29.15 123.92 91.69 -22.96
29.15 123.92 91.69 -22.96
29.15 123.92 91.69 -22.96
29.15 123.92 91.69 -22.96
29.15 123.92 91.69 -22.96
29.08 123.92 95.16 -22.32
29.04 123.59 97.3 -22.32
29.04 123.03 100.61 -21.97
29.08 122.67 103.15 -21.9
29.16 122.54 104.87 -21.9
29.16 122.21 104.87 -21.9
29.25 122.21 109.24 -22.18
29.7 122.12 112.07 -22.32
29.7 122.68 112.07 -22.32
29.99 122.68 112.83 -22.32
29.99 123.62 112.83 -22.32
29.99 123.62 112.83 -22.32
29.99 123.62 112.83 -22.32
29.99 123.62 112.83 -22.32
29.99 123.62 112.83 -22.32
29.99 123.62 112.83 -22.32
29.99 123.62 112.83 -22.32
30.29 123.62 112.83 -22.14
30.96 123.62 113.09 -21.69
30.98 123.96 112.82 -21.36
30.76 124.68 112.82 -21.44
30.56 125.1 113.44 -21.72
29.87 125.58 114.02 -21.86
29.69 126.0 114.76 -22.21
29.62 126.64 116.21 -22.22
29.53 127.5 115.22 -22.06
29.53 127.82 115.22 -22.06
29.53 127.82 115.29 -22.06
29.53 127.56 115.29 -22.06
29.53 127.56 115.29 -22.06
29.53 127.56 115.29 -22.06
29.53 127.56 115.29 -22.06
29.53 127.56 115.29 -22.06
29.53 127.56 115.29 -22.06
29.53 127.56 115.29 -22.06
29.37 127.56 115.29 -21.92
28.89 127.14 115.77 -21.92
28.64 126.96 116.31 -21.78
28.24 126.48 116.31 -21.65
28.02 124.98 116.31 -21.28
27.5 124.63 116.09 -21.4
27.23 124.66 116.09 -21.78
27.23 124.8 116.09 -21.78
26.87 124.8 116.29 -21.71
26.87 124.98 116.29 -21.71
26.87 124.98 116.13 -21.66
26.87 124.98 116.13 -21.66
26.87 124.98 116.13 -21.66
26.87 124.98 116.13 -21.66
26.87 124.98 116.13 -21.66
26.87 124.98 116.13 -21.66
26.87 124.98 116.13 -21.66
26.87 124.98 116.13 -21.66
27.05 124.98 115.96 -21.53
27.03 125.15 115.7 -21.53
27.13 125.39 115.14 -21.53
27.21 125.62 114.67 -21.43
27.48 126.14 114.88 -21.43
28.47 125.86 112.55 -21.72
27.86 125.76 114.05 -21.98
25.58 125.79 114.05 -22.57
25.58 126.01 114.05 -22.57
24.15 126.01 114.39 -22.57
24.15 126.27 114.39 -22.57
24.15 126.27 114.39 -22.57
24.15 126.27 114.39 -22.57
24.15 126.27 114.39 -22.57
24.15 126.27 114.39 -22.57
24.15 126.27 114.39 -22.57
24.15 126.27 114.39 -22.57
24.08 126.27 114.39 -22.57
23.97 126.34 114.29 -22.63
24.16 126.5 114.29 -22.99
24.13 126.57 114.29 -23.16
24.13 126.58 113.88 -23.58
24.19 126.55 113.97 -23.69
24.02 126.55 112.67 -23.87
24.13 126.46 111.61 -23.68
24.14 126.32 109.79 -23.68
24.14 126.48 109.79 -23.68
24.14 126.48 109.79 -23.68
24.28 126.48 109.79 -23.29
24.28 126.48 109.79 -23.29
24.28 126.48 109.79 -23.29
24.28 126.48 109.79 -23.29
24.28 126.48 109.79 -23.29
24.28 126.48 109.79 -23.29
24.28 126.48 109.79 -23.29
24.62 126.48 112.7 -23.12
24.62 126.6 114.45 -22.68
24.62 125.93 114.45 -22.15
24.89 125.09 116.25 -23.41
25.48 124.91 117.36 -26.17
25.82 124.84 117.57 -27.11
