91.12 -131.45 -20.58 58.42
91.12 -131.66 -20.58 58.42
91.12 -131.66 -20.58 58.45
91.12 -131.66 -20.58 58.45
91.12 -131.66 -20.58 58.45
91.12 -131.66 -20.58 58.45
91.12 -131.66 -20.58 58.45
91.12 -131.66 -20.58 58.45
91.12 -131.66 -20.58 58.45
91.12 -131.66 -20.58 58.45
90.22 -131.66 -20.78 58.73
90.29 -132.41 -20.4 58.73
90.29 -133.21 -20.4 58.73
90.15 -133.21 -20.01 58.69
89.96 -134.58 -18.66 58.8
89.96 -134.65 -18.66 58.8
89.83 -134.65 -18.97 58.73
90.02 -134.09 -20.55 58.71
90.02 -135.15 -20.55 58.71
90.02 -135.15 -20.55 58.71
89.93 -135.15 -21.38 58.73
89.93 -135.57 -21.38 58.73
89.93 -135.57 -21.38 58.73
89.93 -135.57 -21.38 58.73
89.93 -135.57 -21.38 58.73
89.93 -135.57 -21.38 58.73
89.93 -135.57 -21.38 58.73
89.77 -135.57 -21.38 58.73
89.77 -134.52 -21.59 57.75
89.99 -138.86 -22.04 57.2
89.9 -139.52 -22.04 55.96
90.87 -139.2 -22.25 56.73
91.55 -139.17 -21.46 56.73
91.55 -140.11 -21.13 57.28
92.61 -140.42 -20.8 57.09
92.98 -141.37 -20.38 56.95
92.98 -141.67 -20.38 56.95
92.67 -141.67 -20.38 56.95
92.67 -141.96 -20.38 56.95
92.67 -141.96 -20.38 56.95
92.67 -141.96 -20.38 56.95
92.67 -141.96 -20.38 56.95
92.67 -141.96 -20.38 56.95
92.67 -141.96 -20.38 56.95
92.67 -141.96 -20.38 56.95
91.95 -141.96 -19.68 56.79
91.95 -142.14 -19.68 56.79
91.68 -142.14 -19.69 57.09
92.4 -142.17 -20.12 57.33
92.4 -141.99 -20.43 57.57
91.86 -140.15 -20.93 57.57
91.86 -138.97 -21.34 57.83
91.82 -138.13 -21.75 57.67
90.45 -138.13 -21.73 57.45
90.45 -137.54 -21.73 57.45
90.45 -137.54 -21.81 57.45
90.45 -137.54 -21.81 57.45
90.45 -137.54 -21.81 57.45
90.45 -137.54 -21.81 57.45
90.45 -137.54 -21.81 57.45
90.45 -137.54 -21.81 57.45
90.45 -137.54 -21.81 57.45
90.45 -137.54 -21.81 57.45
90.45 -137.54 -21.82 56.38
90.45 -137.65 -21.85 56.03
90.06 -137.86 -21.86 55.69
89.73 -138.01 -21.84 55.36
89.73 -137.82 -21.82 54.85
89.02 -137.48 -21.82 54.57
89.02 -136.39 -21.8 54.73
87.89 -136.2 -21.69 54.73
87.89 -136.33 -21.69 54.73
87.89 -136.33 -21.69 55.56
88.31 -136.79 -21.69 55.56
88.31 -136.79 -21.69 55.56
88.31 -136.79 -21.69 55.56
88.31 -136.79 -21.69 55.56
88.31 -136.79 -21.69 55.56
88.31 -136.79 -21.69 55.56
88.31 -136.79 -21.69 55.56
88.31 -136.79 -21.63 56.12
87.44 -136.89 -21.63 56.28
86.39 -137.07 -21.63 55.89
85.36 -137.23 -21.63 55.59
85.42 -136.84 -21.04 55.45
84.22 -136.43 -20.36 55.45
84.22 -136.51 -20.36 55.45
85.29 -136.51 -20.55 54.45
85.29 -137.07 -20.55 54.45
85.86 -137.07 -20.55 53.98
85.83 -137.28 -20.55 53.62
85.83 -137.28 -20.55 53.62
85.83 -137.28 -20.55 53.62
85.83 -137.28 -20.55 53.62
85.83 -137.28 -20.55 53.62
85.83 -137.28 -20.55 53.62
85.83 -137.28 -20.55 53.62
85.83 -137.28 -20.55 53.62
85.83 -137.28 -20.55 53.62
84.95 -137.28 -20.95 52.54
84.52 -137.68 -21.07 52.15
83.76 -138.1 -20.98 52.65
84.34 -138.26 -20.98 53.17
84.88 -137.14 -20.97 53.17
85.36 -136.26 -20.68 53.17
85.36 -136.53 -20.45 54.1
85.55 -136.8 -20.22 54.56
85.55 -136.85 -20.22 54.56
86.01 -136.85 -20.22 54.56
86.01 -136.85 -20.22 54.56
86.01 -136.85 -20.22 54.56
86.01 -136.86 -20.22 54.56
86.01 -136.86 -20.22 54.56
86.01 -136.86 -20.22 54.56
86.01 -136.86 -20.22 54.56
86.01 -136.86 -20.22 54.56
86.01 -136.86 -19.79 54.98
86.01 -137.26 -19.49 55.43
86.01 -136.34 -19.49 54.64
86.01 -135.53 -19.49 54.64
87.45 -135.53 -19.4 54.81
87.45 -134.71 -19.32 55.77
85.43 -134.25 -19.17 55.77
83.78 -134.26 -19.05 56.19
83.78 -134.59 -19.05 56.19
83.78 -134.59 -19.05 56.19
83.0 -134.59 -19.0 56.19
83.0 -134.74 -19.0 56.19
83.0 -134.74 -19.0 56.19
83.0 -134.74 -19.0 56.19
83.0 -134.74 -19.0 56.19
83.0 -134.74 -19.0 56.19
83.0 -134.74 -19.0 56.19
81.49 -134.74 -18.75 56.37
78.7 -135.09 -18.31 56.56
78.7 -135.04 -17.87 56.65
78.7 -135.14 -18.05 56.16
78.7 -135.58 -18.05 55.64
74.06 -136.27 -17.91 55.73
76.26 -136.92 -17.93 55.85
77.67 -136.92 -18.1 55.92
77.67 -137.19 -18.1 55.92
76.82 -137.19 -18.11 55.77
76.82 -137.43 -18.11 55.77
76.82 -137.43 -18.11 55.77
76.82 -137.43 -18.11 55.77
76.82 -137.43 -18.11 55.77
76.82 -137.43 -18.11 55.77
76.82 -137.43 -18.11 55.77
76.82 -137.43 -18.11 55.77
76.82 -137.43 -18.25 55.78
76.17 -137.43 -18.25 55.46
75.95 -137.57 -18.22 55.7
73.34 -137.75 -18.32 55.75
74.36 -138.09 -18.37 55.75
69.78 -138.24 -18.42 55.75
70.37 -137.49 -18.45 50.24
73.49 -137.16 -18.23 46.7
76.11 -136.89 -17.83 45.95
76.11 -137.22 -17.83 45.95
76.62 -137.22 -17.83 46.08
76.62 -137.53 -17.83 46.08
76.62 -137.53 -17.83 46.08
76.62 -137.53 -17.83 46.08
76.62 -137.53 -17.83 46.08
76.62 -137.53 -17.83 46.08
76.62 -137.53 -17.83 46.08
76.62 -137.53 -17.83 46.08
76.62 -137.53 -17.31 46.49
72.91 -137.98 -17.79 48.76
68.65 -138.85 -17.79 48.76
69.32 -139.24 -19.09 50.47
69.32 -138.34 -19.09 50.47
74.79 -138.34 -20.45 50.47
76.3 -137.54 -20.85 50.47
79.34 -137.65 -20.97 52.64
82.45 -137.16 -21.46 54.84
82.45 -136.74 -21.46 54.84
82.45 -136.74 -21.85 54.84
82.45 -136.6 -21.85 54.84
82.45 -136.6 -21.85 54.84
82.45 -136.6 -21.85 54.84
82.45 -136.6 -21.85 54.84
82.45 -136.6 -21.85 54.84
82.45 -136.6 -21.85 54.84
85.76 -136.6 -21.85 57.03
89.74 -136.6 -22.44 53.43
89.74 -134.96 -22.43 55.83
90.21 -134.8 -22.03 55.83
90.21 -134.94 -22.03 55.83
90.34 -134.94 -21.04 57.27
90.34 -135.13 -21.04 57.27
90.34 -135.13 -21.04 57.27
90.34 -135.13 -21.04 57.27
90.34 -135.13 -21.04 57.27
90.34 -135.13 -21.04 57.27
90.34 -135.13 -21.04 57.27
90.34 -135.13 -21.04 57.27
90.34 -135.13 -20.41 58.47
90.34 -135.27 -20.23 58.97
