92.81 -121.30 -25.80 40.97
92.81 -120.52 -25.8 40.97
92.81 -120.52 -25.8 40.97
92.81 -120.52 -25.8 40.97
92.81 -120.52 -25.8 40.97
92.81 -120.52 -25.8 40.97
92.81 -120.52 -25.8 40.97
92.81 -120.52 -25.8 40.97
93.01 -120.52 -25.14 40.97
93.01 -120.03 -24.56 41.39
92.74 -119.93 -25.65 41.65
92.74 -119.92 -25.98 41.11
92.47 -119.84 -26.34 40.99
92.47 -119.72 -26.39 40.3
92.47 -118.93 -26.12 39.91
92.39 -117.99 -25.91 39.18
92.39 -118.17 -25.91 39.18
92.26 -118.17 -25.91 39.45
92.26 -118.59 -25.91 39.45
92.79 -118.59 -25.91 39.45
92.79 -118.59 -25.91 39.45
92.79 -118.59 -25.91 39.45
92.79 -118.59 -25.91 39.45
92.79 -118.59 -25.91 39.45
92.79 -118.59 -25.91 39.45
92.79 -118.59 -25.91 39.45
93.24 -118.59 -25.91 39.7
93.98 -118.29 -25.21 39.7
94.26 -117.57 -24.36 39.7
94.32 -118.03 -24.05 40.07
94.32 -118.56 -23.56 40.48
94.32 -118.93 -23.61 40.9
94.44 -118.98 -23.66 40.9
94.52 -119.53 -23.45 41.19
94.52 -120.31 -23.45 41.19
94.52 -120.31 -23.45 41.5
94.52 -120.31 -23.45 41.5
94.52 -120.31 -23.45 41.5
94.52 -120.31 -23.45 41.5
94.52 -120.31 -23.45 41.5
94.52 -120.31 -23.45 41.5
94.52 -120.31 -23.45 41.5
94.52 -120.31 -23.45 41.5
94.65 -120.31 -23.32 41.8
94.7 -120.57 -23.09 42.15
94.66 -121.82 -22.94 42.73
94.66 -122.29 -23.07 43.0
94.66 -122.18 -23.07 41.83
94.56 -121.43 -23.2 41.11
94.56 -120.36 -23.2 41.29
95.23 -119.01 -23.42 41.6
95.23 -118.56 -23.42 41.6
95.23 -118.56 -23.42 41.6
98.62 -118.56 -23.75 41.7
98.62 -118.0 -23.75 41.7
98.62 -118.0 -23.75 41.7
98.62 -118.0 -23.75 41.7
98.62 -118.0 -23.75 41.7
98.62 -118.0 -23.75 41.7
98.62 -118.0 -23.75 41.7
98.62 -118.0 -23.75 41.7
98.62 -118.0 -24.4 42.15
95.91 -115.93 -24.64 42.15
95.29 -114.19 -24.22 42.39
95.29 -113.92 -23.75 42.59
95.23 -113.3 -23.75 42.95
95.23 -112.96 -22.89 43.04
95.48 -112.81 -22.47 43.4
95.76 -112.76 -23.5 43.4
95.76 -112.88 -23.5 43.4
95.76 -112.88 -23.5 43.4
95.76 -112.88 -24.03 44.43
95.76 -112.9 -24.03 44.43
95.76 -112.9 -24.03 44.43
95.76 -112.9 -24.03 44.43
95.76 -112.9 -24.03 44.43
95.76 -112.9 -24.03 44.43
95.76 -112.9 -24.03 44.43
95.76 -112.9 -24.03 45.28
95.58 -112.88 -24.5 45.17
95.49 -112.5 -24.81 45.17
95.42 -111.98 -24.53 44.36
95.27 -111.84 -24.36 43.93
95.53 -111.75 -24.36 43.93
95.49 -112.52 -24.3 43.57
95.47 -112.6 -24.69 43.83
95.27 -112.16 -25.21 43.83
95.27 -111.87 -25.21 43.83
95.27 -111.87 -25.62 43.83
95.27 -111.87 -25.62 43.83
95.27 -111.87 -25.62 43.83
95.27 -111.87 -25.62 43.83
95.27 -111.87 -25.62 43.83
95.27 -111.87 -25.62 43.83
95.27 -111.87 -25.62 43.83
95.27 -111.87 -25.62 43.83
95.15 -111.87 -26.14 43.83
94.86 -112.22 -25.25 43.98
94.86 -112.94 -24.77 44.19
94.56 -115.25 -24.77 44.27
94.56 -116.69 -24.51 44.32
94.44 -116.04 -24.72 44.25
94.42 -115.12 -25.05 43.56
94.37 -115.5 -25.37 42.96
94.37 -116.52 -25.37 42.96
94.23 -116.52 -25.37 40.53
94.23 -116.85 -25.37 40.53
94.23 -116.85 -25.37 40.53
94.23 -116.85 -25.37 40.53
94.23 -116.85 -25.37 40.53
94.23 -116.85 -25.37 40.53
94.23 -116.85 -25.37 40.53
94.23 -116.85 -25.37 40.53
94.23 -116.85 -25.37 40.53
94.23 -116.85 -25.37 40.53
94.59 -116.85 -23.89 42.59
94.7 -114.65 -23.64 43.54
94.85 -115.15 -23.43 44.51
94.6 -115.21 -23.58 45.58
94.22 -115.34 -23.74 46.11
93.93 -115.5 -24.42 46.51
94.06 -115.76 -25.23 46.97
94.06 -115.77 -25.23 46.97
94.19 -115.77 -25.23 47.37
94.19 -115.89 -25.23 47.37
94.19 -115.89 -25.23 47.37
94.19 -115.89 -25.23 47.37
94.19 -115.89 -25.23 47.37
94.19 -115.89 -25.23 47.37
94.19 -115.89 -25.23 47.37
94.19 -115.89 -25.23 47.37
94.27 -115.89 -25.86 47.37
94.46 -116.32 -25.96 47.37
94.4 -116.75 -25.96 47.64
94.37 -117.21 -26.11 48.48
94.62 -117.02 -26.11 49.17
94.62 -117.04 -26.11 49.17
94.84 -117.04 -26.21 51.29
94.85 -116.82 -26.59 51.63
95.09 -116.66 -26.8 51.92
95.09 -116.74 -26.8 51.92
94.86 -116.74 -26.8 51.92
94.86 -116.74 -26.8 51.92
94.86 -116.74 -26.8 51.92
94.86 -116.74 -26.8 51.92
94.86 -116.74 -26.8 51.92
94.86 -116.74 -26.8 51.92
94.86 -116.74 -26.8 51.92
94.86 -116.74 -26.8 51.92
94.62 -116.74 -27.06 51.92
94.27 -117.58 -27.19 52.4
94.27 -118.12 -27.29 51.65
94.03 -118.8 -27.65 50.64
93.83 -119.45 -28.45 50.14
93.74 -119.61 -28.81 49.37
93.74 -119.95 -28.81 49.37
93.74 -119.95 -28.05 48.58
93.74 -118.56 -28.05 48.58
93.74 -118.56 -27.76 48.58
93.74 -118.3 -27.76 48.58
93.74 -118.3 -27.76 48.58
93.74 -118.3 -27.76 48.58
93.74 -118.3 -27.76 48.58
93.74 -118.3 -27.76 48.58
93.74 -118.3 -27.76 48.58
93.74 -118.3 -27.76 48.58
93.74 -118.3 -27.76 48.58
93.23 -118.3 -26.58 47.67
93.23 -118.56 -25.79 46.41
93.23 -118.64 -25.79 46.41
92.78 -118.64 -23.83 45.54
92.78 -118.68 -23.83 45.04
92.73 -118.86 -24.97 45.04
92.73 -118.71 -24.97 45.04
92.65 -118.71 -26.2 44.8
92.65 -120.15 -26.2 44.8
92.65 -120.15 -26.82 44.86
92.65 -120.15 -26.82 44.86
92.65 -120.15 -26.82 44.86
92.65 -120.15 -26.82 44.86
92.65 -120.15 -26.82 44.86
92.65 -120.15 -26.82 44.86
92.65 -120.15 -26.82 44.86
92.65 -120.15 -26.82 44.86
92.68 -120.15 -24.58 44.86
92.68 -120.93 -23.91 45.03
92.65 -121.73 -23.91 45.21
92.7 -122.3 -24.67 45.32
92.7 -121.74 -24.67 45.32
92.65 -121.74 -26.7 45.67
92.44 -121.15 -26.21 45.85
92.45 -121.6 -25.4 45.85
92.34 -122.32 -25.04 46.08
92.34 -123.38 -25.04 46.08
92.34 -123.38 -25.04 46.08
92.34 -123.38 -25.04 46.16
92.34 -123.38 -25.04 46.16
92.34 -123.38 -25.04 46.16
92.34 -123.38 -25.04 46.16
92.34 -123.38 -25.04 46.16
