108.00 -84.17 -23.36 57.33
106.82 -84.17 -26.62 56.77
106.49 -83.89 -26.62 56.77
106.49 -83.89 -26.62 56.77
106.49 -83.89 -26.62 56.77
106.49 -83.89 -26.62 56.77
106.49 -83.89 -26.62 56.77
106.18 -83.89 -27.64 56.47
105.64 -83.89 -28.13 55.82
104.92 -83.94 -28.98 55.51
104.32 -83.95 -29.27 55.21
104.32 -83.97 -30.26 55.21
104.32 -84.51 -30.61 54.95
103.83 -84.65 -31.6 54.58
103.83 -84.77 -31.6 54.58
103.5 -84.77 -32.06 53.85
103.5 -85.17 -32.06 53.85
103.5 -85.17 -32.06 53.85
103.5 -85.17 -32.06 53.85
103.5 -85.42 -32.06 53.85
103.5 -85.42 -32.06 53.85
103.5 -85.42 -32.06 53.85
103.5 -85.42 -32.06 53.85
103.5 -85.42 -32.06 53.85
103.5 -85.42 -32.06 53.85
102.93 -85.42 -32.5 53.79
102.93 -85.5 -32.5 53.79
102.9 -85.5 -32.64 53.72
99.66 -85.51 -33.41 53.26
97.41 -83.75 -33.45 52.44
102.83 -84.87 -33.4 52.05
103.28 -84.68 -33.32 51.64
103.29 -83.71 -39.14 51.6
103.29 -83.18 -39.14 51.6
102.58 -83.18 -43.11 51.55
102.58 -82.96 -43.11 51.55
102.58 -82.96 -43.11 51.55
102.58 -82.96 -43.11 51.55
102.58 -82.96 -43.11 51.55
102.58 -82.96 -43.11 51.55
102.58 -82.96 -43.11 51.55
102.58 -82.96 -43.11 51.55
102.58 -82.96 -43.11 51.55
100.97 -83.12 -44.52 51.52
100.62 -83.23 -43.42 51.57
97.86 -85.04 -42.8 51.53
96.82 -85.42 -42.37 51.45
96.83 -85.72 -45.27 51.45
97.12 -85.66 -47.13 51.45
97.23 -85.61 -45.72 51.45
97.44 -85.46 -45.72 51.14
97.44 -85.31 -45.72 51.14
97.88 -85.31 -45.72 51.14
97.88 -85.17 -45.72 51.14
97.88 -85.17 -45.72 51.14
97.88 -85.17 -45.72 51.14
97.88 -85.17 -45.72 51.14
97.88 -85.17 -45.72 51.14
97.88 -85.17 -45.72 51.14
97.88 -85.17 -45.72 51.14
97.88 -85.17 -45.05 51.12
97.88 -85.05 -44.71 52.57
97.88 -84.97 -44.81 53.9
98.36 -84.76 -44.81 53.23
98.26 -84.7 -44.49 52.82
98.16 -84.7 -44.35 51.47
97.93 -84.89 -44.55 51.5
97.97 -85.13 -44.79 51.56
98.01 -85.24 -45.11 51.56
98.01 -85.64 -45.11 51.56
98.05 -85.64 -45.11 51.56
98.05 -85.95 -45.11 51.56
98.05 -85.95 -45.11 51.56
98.05 -85.95 -45.11 51.56
98.05 -85.95 -45.11 51.56
98.05 -85.95 -45.11 51.56
98.05 -85.95 -45.11 51.56
98.05 -85.95 -45.11 51.56
98.06 -85.95 -45.3 51.71
98.17 -87.01 -45.92 51.71
98.17 -87.36 -45.92 51.71
98.31 -87.36 -46.25 51.36
98.36 -87.19 -46.27 51.21
98.5 -87.19 -46.24 51.04
98.75 -87.24 -46.24 50.83
98.56 -87.37 -46.41 50.67
98.56 -87.4 -46.41 50.67
98.56 -87.4 -46.41 50.67
98.45 -87.4 -46.08 50.52
98.45 -87.42 -46.08 50.52
98.45 -87.42 -46.08 50.52
98.45 -87.42 -46.08 50.52
98.45 -87.42 -46.08 50.52
98.45 -87.42 -46.08 50.52
98.45 -87.42 -46.08 50.52
98.45 -87.42 -45.76 50.9
98.31 -87.44 -45.5 51.46
98.2 -87.4 -45.35 52.29
98.07 -87.4 -45.35 52.87
98.08 -87.41 -45.2 52.88
98.14 -87.42 -45.1 52.88
98.13 -87.68 -45.34 53.12
98.2 -88.23 -45.37 53.9
98.19 -88.23 -45.48 54.72
98.19 -88.23 -45.48 54.72
98.19 -88.23 -45.48 54.72
98.19 -88.23 -45.41 55.17
98.19 -88.38 -45.41 55.17
98.19 -88.38 -45.41 55.17
98.19 -88.38 -45.41 55.17
98.19 -88.38 -45.41 55.17
98.19 -88.38 -45.41 55.17
98.19 -88.38 -45.41 55.17
98.32 -88.38 -45.41 55.17
98.32 -88.83 -45.41 55.17
98.47 -88.83 -45.19 55.54
98.79 -89.62 -45.19 56.01
98.79 -90.02 -45.17 56.62
98.9 -90.37 -45.17 56.33
98.96 -90.25 -45.13 56.19
98.96 -90.25 -45.15 55.7
98.51 -90.1 -45.15 55.52
98.51 -90.13 -45.15 55.52
98.51 -90.13 -45.15 55.52
98.26 -90.13 -45.15 55.59
98.26 -90.13 -45.15 55.59
98.26 -90.13 -45.15 55.59
98.26 -90.13 -45.15 55.59
98.26 -90.13 -45.15 55.59
98.26 -90.13 -45.15 55.59
98.26 -90.13 -45.15 55.59
98.02 -90.13 -45.14 55.44
98.02 -90.16 -45.14 55.44
97.51 -90.16 -44.99 55.3
97.22 -90.74 -44.64 55.09
97.02 -90.9 -44.41 55.09
96.78 -91.05 -43.82 54.79
96.38 -90.97 -43.96 54.79
96.05 -90.84 -44.04 54.79
96.05 -90.71 -44.04 54.79
96.01 -90.71 -44.04 54.5
96.01 -91.43 -44.04 54.5
96.01 -91.43 -44.04 54.5
96.01 -91.43 -44.04 54.5
96.01 -91.43 -44.04 54.5
96.01 -91.43 -44.04 54.5
96.01 -91.43 -44.04 54.5
96.01 -91.43 -44.04 54.5
96.01 -91.43 -44.04 54.5
96.01 -91.43 -44.22 53.95
95.83 -92.07 -44.17 53.74
95.68 -91.68 -44.13 53.57
95.52 -91.39 -44.13 53.53
95.51 -91.19 -44.09 53.62
95.46 -91.08 -44.0 53.79
95.46 -91.0 -44.0 53.79
95.06 -91.0 -44.18 54.07
95.06 -91.06 -44.18 54.07
94.87 -91.06 -44.42 54.17
94.87 -91.21 -44.42 54.17
94.87 -91.21 -44.42 54.17
94.87 -91.21 -44.42 54.17
94.87 -91.21 -44.42 54.17
94.87 -91.21 -44.42 54.17
94.87 -91.21 -44.42 54.17
94.87 -91.21 -44.42 54.17
94.87 -91.21 -44.67 54.2
94.87 -91.26 -45.13 54.52
95.22 -91.38 -44.87 54.26
95.22 -91.48 -44.74 53.97
95.46 -91.6 -44.71 53.53
95.76 -91.07 -44.63 52.88
95.76 -90.93 -44.3 52.22
95.51 -90.74 -44.23 51.8
95.51 -90.6 -44.23 51.8
95.38 -90.6 -44.2 51.46
95.38 -90.4 -44.2 51.46
95.38 -89.99 -44.2 51.46
95.38 -89.99 -44.2 51.46
95.38 -89.99 -44.2 51.46
95.38 -89.99 -44.2 51.46
95.38 -89.99 -44.2 51.46
95.38 -89.99 -44.2 51.46
95.38 -89.99 -44.2 51.46
95.38 -89.99 -44.2 51.46
95.2 -89.99 -44.5 50.79
95.2 -89.89 -44.5 50.79
96.09 -89.89 -44.99 50.33
96.09 -90.03 -44.8 50.34
96.09 -90.33 -44.8 50.34
96.24 -90.33 -44.93 50.46
96.19 -90.51 -45.15 50.57
96.19 -90.37 -45.15 50.57
96.02 -90.37 -45.41 50.41
96.02 -90.3 -45.41 50.41
96.02 -90.3 -45.41 50.41
96.02 -90.3 -45.41 50.41
96.02 -90.3 -45.41 50.41
96.02 -90.3 -45.41 50.41
96.02 -90.3 -45.41 50.41
