100.99
100.88
101.08
101.14
101.79
101.44
101.24
101.02
100.88
101.08
101.0
101.3
101.09
100.76
100.54
101.23
100.64
101.09
101.15
100.88
101.36
100.82
100.66
100.72
101.1
100.95
101.13
101.27
101.54
101.16
101.25
100.79
100.55
100.95
99.48
100.99
101.22
101.04
100.73
100.46
100.78
101.12
100.02
100.9
101.09
101.05
101.58
101.44
101.34
101.35
100.54
100.63
100.83
101.23
101.15
100.83
101.5
100.38
100.69
100.94
101.77
102.17
101.74
101.48
101.39
100.93
100.24
100.56
101.01
100.85
101.05
101.0
100.7
100.87
100.2
100.13
100.76
101.09
102.53
100.79
101.18
101.14
101.19
100.7
100.36
100.28
100.7
101.0
100.76
100.52
100.22
100.82
100.67
100.75
100.87
101.24
101.1
101.46
101.34
97.31
101.02
100.57
100.99
100.87
101.27
100.61
100.6
100.68
100.62
100.94
100.7
101.12
100.98
100.55
100.45
100.7
100.5
101.33
101.22
101.13
100.96
100.9
100.67
100.66
100.97
100.85
100.85
100.57
100.32
100.69
100.96
101.07
100.52
100.81
100.78
100.73
101.63
100.26
100.44
100.64
100.58
100.51
100.42
100.7
100.09
100.59
100.76
100.42
100.74
100.98
100.97
101.1
100.89
101.16
100.94
100.89
100.84
101.26
101.29
99.64
100.23
100.35
100.16
100.27
100.24
100.27
100.41
101.38
101.92
101.62
101.29
101.42
100.57
101.35
100.96
101.05
100.89
100.61
100.56
100.71
101.2
101.47
101.16
100.98
100.89
101.47
101.11
100.89
101.75
101.45
101.27
101.11
101.04
101.05
100.38
100.32
100.43
100.54
100.45
100.72
