104.08
103.28
102.43
102.7
102.2
101.98
102.03
101.8
102.12
103.19
101.82
100.06
101.04
102.27
102.42
102.5
102.35
101.79
100.82
100.94
101.08
100.41
100.55
100.55
101.6
101.35
101.49
101.49
100.59
100.78
100.59
100.5
100.22
100.66
101.55
100.86
100.85
100.14
100.35
100.79
101.31
102.28
102.85
102.66
102.23
102.01
101.04
100.79
101.02
101.3
101.53
101.11
101.09
100.93
101.15
101.39
100.95
101.01
101.51
101.52
101.42
102.49
103.05
102.55
102.69
101.88
100.64
100.85
100.72
101.0
101.32
101.27
101.27
100.86
100.86
101.12
101.45
101.64
101.42
101.01
100.48
100.85
101.71
101.68
102.22
102.08
101.73
101.37
101.42
101.5
101.55
101.54
101.2
100.74
101.02
101.75
102.18
102.17
102.3
102.32
103.16
103.08
103.04
101.99
101.38
101.48
101.36
101.41
101.46
101.11
101.27
101.33
101.23
100.87
100.67
101.28
101.45
101.38
101.22
100.58
101.49
101.49
100.96
101.6
101.0
100.7
101.11
101.49
101.32
101.52
101.54
101.87
101.63
101.27
101.24
101.44
101.37
101.67
101.34
101.52
101.37
101.73
102.11
101.77
101.89
101.81
101.45
101.73
101.63
101.25
101.33
101.59
101.67
101.45
101.04
101.34
101.04
100.78
100.75
101.25
101.61
101.6
102.02
102.01
102.64
101.25
101.25
101.28
101.23
100.96
101.24
101.9
101.93
101.47
101.42
101.12
100.43
100.73
101.01
101.04
102.22
101.99
101.9
101.83
101.33
100.93
100.41
101.17
100.63
101.53
101.59
101.32
101.36
101.53
101.2
100.47
100.58
100.67
101.03
100.98
