99.83
100.75
100.45
101.65
101.44
101.23
100.58
100.52
100.98
100.63
100.35
103.45
104.3
103.71
102.95
102.66
99.18
102.98
104.24
103.68
102.93
102.71
103.06
100.3
99.41
100.22
101.11
101.43
100.51
101.17
100.11
100.44
100.68
100.89
100.94
102.21
100.39
101.09
101.3
101.49
100.78
101.66
101.33
100.98
100.87
100.78
99.75
100.06
100.06
100.78
100.88
100.95
100.92
101.01
100.9
101.01
100.91
100.42
100.55
100.67
100.31
100.13
100.3
99.93
100.13
101.03
99.16
99.3
100.25
100.72
100.88
100.89
100.74
100.19
99.07
99.19
99.69
100.23
100.57
100.82
100.77
100.69
100.06
100.61
99.72
99.87
102.53
102.56
101.79
101.32
101.03
101.79
101.65
101.43
101.11
100.83
100.51
100.42
100.87
102.36
103.39
102.7
101.85
101.69
101.6
101.03
100.4
102.0
102.49
102.61
101.17
101.22
99.86
100.39
100.43
99.93
99.66
99.28
100.25
101.16
101.48
101.48
101.47
99.33
99.79
100.17
100.68
100.93
98.67
100.59
101.09
100.07
100.02
102.49
101.13
100.93
100.61
101.95
101.16
100.16
100.1
98.73
100.04
101.39
101.94
101.51
100.98
101.06
103.94
100.7
100.74
100.52
100.41
100.65
101.26
101.28
101.7
101.2
101.33
97.76
100.26
100.15
100.41
100.68
100.7
100.48
100.82
101.52
101.12
100.86
100.92
100.42
100.43
100.51
100.91
99.98
100.6
101.29
101.16
101.39
103.73
101.04
101.28
100.42
100.28
100.72
101.38
101.28
100.57
100.68
101.47
101.87
101.68
101.68
100.94
102.55
101.03
100.95
101.05
101.2
