99.93
99.98
99.81
99.65
99.56
100.4
100.28
100.35
100.22
100.22
99.39
97.55
98.12
99.13
100.22
99.71
100.61
100.68
101.64
101.12
101.24
101.98
102.34
101.91
101.68
101.49
100.31
101.41
101.28
99.71
100.65
101.44
100.78
100.79
101.1
100.56
101.19
101.01
101.69
101.11
100.73
100.05
100.73
100.89
102.46
101.58
101.2
102.12
102.2
102.07
101.9
101.08
100.87
100.96
101.11
101.67
101.22
100.79
101.46
102.89
103.03
102.1
101.6
101.32
101.08
102.16
98.91
99.08
99.73
100.37
100.94
101.62
101.81
101.44
104.3
105.05
104.52
102.86
101.34
100.84
100.15
98.74
97.83
97.74
98.78
99.45
99.86
99.51
99.67
100.44
101.42
101.0
100.89
100.92
100.53
100.08
99.96
100.01
100.28
100.55
100.24
100.22
100.13
99.78
99.59
99.6
99.49
99.44
99.43
99.51
99.59
99.34
99.5
99.85
99.39
99.38
99.39
99.07
98.83
98.92
99.22
99.27
99.59
99.81
99.47
99.92
100.17
99.92
99.67
99.12
99.02
98.43
98.39
98.54
98.58
98.06
96.8
97.11
97.71
98.09
98.9
99.04
98.8
98.38
98.65
98.69
98.58
98.49
98.99
98.89
98.74
98.56
98.29
98.38
98.42
98.87
99.48
98.85
98.34
98.22
98.01
97.64
97.72
97.91
98.23
98.64
98.84
97.97
98.05
98.58
99.28
99.66
99.62
99.59
99.98
100.45
100.53
100.5
101.53
102.32
102.18
101.86
101.37
101.14
101.19
101.36
101.53
101.65
101.36
101.11
101.02
100.93
100.62
100.65
100.5
100.39
99.63
99.5
99.34
99.35
