98.74
98.6
98.6
98.66
98.63
98.77
99.16
99.21
99.47
99.32
99.75
99.45
99.37
98.75
98.85
99.1
99.03
99.39
99.3
99.1
98.77
98.54
98.7
98.75
98.96
98.76
98.72
98.57
98.53
98.59
98.25
98.62
98.58
98.21
98.56
99.31
99.86
100.05
99.93
99.93
99.36
99.68
99.38
99.18
98.72
98.56
98.3
97.88
98.43
98.61
98.83
99.08
99.19
99.4
99.12
98.57
98.51
98.81
99.16
99.32
99.13
98.79
98.72
99.11
99.21
100.52
98.28
99.47
99.86
99.66
99.24
99.03
98.6
98.56
98.62
98.66
98.21
97.67
97.71
98.07
98.3
98.15
98.21
98.26
98.62
98.53
98.49
99.01
99.15
99.1
99.05
99.3
98.63
98.13
98.34
98.65
98.67
99.37
99.62
99.72
99.52
98.96
98.96
98.83
99.78
99.98
99.56
99.14
99.1
99.1
98.63
98.64
98.82
99.11
99.47
99.47
99.28
98.73
99.01
98.89
100.39
99.13
99.4
99.14
99.14
98.99
99.1
99.23
95.76
98.38
98.32
98.46
98.53
98.68
98.77
98.69
98.76
98.82
99.35
99.48
99.55
99.66
99.52
99.39
99.19
99.44
99.6
99.76
99.62
99.75
99.8
99.95
99.78
99.76
99.89
99.64
99.56
99.23
99.23
99.13
99.75
99.54
99.36
99.27
99.57
99.48
98.39
99.61
99.39
99.11
99.18
99.13
99.03
99.29
99.48
99.07
99.24
99.41
99.51
99.5
99.17
99.1
99.16
98.95
98.82
99.07
99.28
99.38
99.31
98.94
98.7
98.77
99.2
99.19
99.19
98.65
99.23
99.0
98.85
98.74
