106.39
106.59
106.37
106.37
107.6
108.26
107.54
107.74
106.26
106.81
107.63
107.85
104.93
103.26
103.49
104.26
104.56
105.35
105.66
106.23
106.4
106.42
106.74
106.9
106.93
106.5
106.09
106.59
106.7
106.78
107.63
107.52
107.41
107.37
109.23
108.72
108.49
108.23
107.48
108.13
107.19
108.1
107.72
107.42
108.87
106.59
106.56
107.19
107.05
107.69
107.53
106.91
107.39
106.63
108.05
107.55
107.8
106.96
106.94
106.95
105.54
106.25
106.47
106.27
106.65
105.38
106.14
106.01
105.05
107.26
107.76
107.86
108.11
108.31
109.0
108.79
107.87
108.15
108.07
107.61
107.49
105.6
105.35
105.8
105.93
106.13
108.13
108.23
107.43
107.6
109.6
109.03
108.37
106.89
106.75
108.33
107.61
107.33
107.1
108.63
107.33
107.11
106.71
107.42
108.14
107.14
106.74
106.22
106.45
105.49
105.59
105.93
106.21
106.07
106.49
104.61
105.66
106.42
106.56
105.83
106.92
107.48
107.27
107.13
106.03
106.64
107.28
106.75
105.29
107.93
108.59
108.28
107.87
107.41
107.15
106.8
107.35
107.28
105.25
107.55
107.02
107.59
105.66
107.88
107.65
108.09
109.32
106.78
107.04
106.76
106.02
107.55
107.91
108.19
107.44
107.77
108.01
108.78
108.09
106.98
108.04
107.57
106.57
108.31
107.31
107.3
107.24
107.51
106.92
106.69
106.18
107.07
106.48
106.29
106.55
106.33
107.83
107.37
107.84
108.43
107.62
107.5
106.97
106.89
106.66
106.5
106.5
104.88
107.12
107.06
107.1
107.12
106.56
105.67
108.37
108.25
108.07
107.68
108.42
106.41
