106.69
106.76
107.76
107.2
106.3
106.13
105.25
105.56
105.62
105.35
105.62
104.95
107.54
107.35
106.75
106.59
106.26
106.81
106.64
106.18
106.5
106.4
105.22
105.08
105.48
105.4
105.42
104.78
104.2
104.42
104.29
103.91
104.27
104.91
104.38
104.49
105.46
104.75
106.53
107.13
106.08
106.25
106.6
109.01
105.54
104.77
105.42
105.84
105.37
105.18
105.41
106.48
105.19
105.42
104.94
105.01
104.53
103.73
104.85
106.0
106.14
106.98
105.9
105.34
106.28
106.29
106.41
105.53
105.82
105.18
105.21
105.84
106.22
105.59
105.69
104.82
105.71
106.17
106.06
105.36
108.77
107.27
107.0
106.83
106.54
106.52
106.9
105.42
104.78
104.61
104.08
104.04
103.99
103.52
104.39
103.88
104.04
104.62
104.71
104.49
106.25
108.3
108.33
107.49
107.78
107.54
106.36
108.38
107.75
107.41
107.38
106.77
106.38
106.2
106.25
104.95
104.91
104.78
105.66
106.39
106.3
106.63
107.04
107.11
105.97
104.2
105.65
106.59
106.59
107.01
106.63
107.09
105.04
106.58
106.29
105.7
106.28
105.98
104.49
104.06
104.39
105.3
105.55
105.36
105.26
105.74
105.66
105.53
106.63
106.2
106.01
105.79
105.19
105.51
103.88
104.72
104.67
104.81
105.45
106.19
106.57
106.92
106.0
105.2
105.91
105.61
103.47
104.99
105.65
105.93
106.08
106.55
106.2
107.92
106.37
106.62
106.02
106.5
106.66
106.24
106.96
108.61
106.66
106.39
106.5
105.87
104.42
104.86
104.41
104.3
104.08
104.54
104.63
107.0
109.76
107.11
106.63
107.28
107.2
106.76
