105.58
104.99
104.58
104.45
106.08
108.33
109.02
109.06
108.18
108.0
107.65
106.23
106.15
105.39
105.97
106.24
105.73
104.41
105.78
106.02
105.89
106.06
105.51
105.62
105.39
104.43
105.63
106.41
106.35
105.21
105.78
105.97
106.67
106.81
106.79
107.02
107.05
106.88
107.31
107.19
106.7
106.59
106.33
106.32
106.49
106.29
105.8
105.27
105.23
105.46
105.44
107.88
107.24
105.82
104.84
104.57
105.93
106.96
107.14
107.32
106.72
106.7
105.76
106.79
106.98
107.7
107.42
106.59
106.12
105.89
105.41
104.7
103.75
104.4
105.33
107.4
107.33
106.64
106.14
105.6
104.73
103.54
101.93
100.79
100.71
100.91
101.99
102.81
102.94
103.15
103.27
106.63
105.02
104.17
103.89
103.26
102.87
101.86
101.86
101.04
99.5
98.94
98.75
99.38
100.05
101.49
102.21
103.25
103.91
104.79
104.53
104.07
103.69
103.6
103.87
103.61
103.51
103.75
103.97
103.92
103.78
103.35
102.48
101.94
101.85
101.37
101.01
100.11
99.76
99.08
99.08
99.56
99.17
97.68
97.12
95.86
93.62
92.5
91.94
91.93
92.32
96.93
94.65
95.41
94.79
98.45
97.47
97.06
96.98
97.01
97.87
97.3
97.49
97.34
96.57
95.71
95.26
95.6
95.36
92.99
94.8
95.33
94.4
93.89
93.09
93.3
93.44
92.99
92.59
92.11
92.54
93.17
94.05
97.16
95.05
93.66
94.77
94.52
94.17
94.66
87.05
87.52
89.07
89.13
89.6
89.56
91.17
91.81
92.82
93.04
91.55
91.35
91.6
90.61
90.93
89.79
91.44
92.76
89.27
91.01
