88.51
88.0
88.85
88.85
89.76
89.82
89.45
88.77
90.97
90.02
89.81
89.18
88.92
89.03
90.07
90.88
91.19
91.2
91.58
92.02
91.52
91.57
91.19
90.41
90.28
92.79
92.11
90.89
90.06
90.25
88.99
86.58
90.17
90.78
89.99
89.99
89.33
92.69
92.91
91.79
91.52
91.36
90.52
90.17
90.15
89.55
85.54
87.15
87.52
88.81
89.71
90.03
91.16
92.22
91.01
90.98
91.05
90.53
90.26
88.61
89.18
89.98
90.09
90.11
90.64
91.51
92.25
91.67
91.79
91.64
90.97
90.8
90.1
89.94
89.56
90.04
89.36
90.45
89.83
89.28
89.91
89.24
89.54
89.59
89.82
89.98
90.74
90.45
90.91
91.7
90.85
89.46
89.78
90.45
90.71
91.65
92.19
91.14
91.87
91.0
89.96
91.6
90.79
91.68
91.26
91.26
91.18
89.74
89.49
89.56
89.79
90.32
88.46
88.75
89.02
89.18
89.42
89.07
88.91
88.84
89.07
89.7
90.47
90.79
90.7
89.97
90.71
91.01
90.98
91.26
92.04
90.05
90.47
90.29
90.64
90.24
90.04
90.65
91.43
91.76
91.62
91.44
91.1
90.86
93.65
91.05
91.15
91.15
91.35
90.81
91.76
91.37
91.44
90.92
91.04
90.96
91.18
91.35
91.32
90.99
90.69
90.94
90.76
91.25
91.57
91.04
92.17
88.59
90.11
90.6
91.49
91.54
91.23
91.31
91.12
91.36
91.72
91.22
91.95
92.03
92.56
91.41
90.67
90.47
87.28
86.94
89.17
90.5
92.17
91.99
92.87
93.58
93.81
93.49
93.41
93.57
93.6
93.97
95.69
96.96
