104.24
104.16
103.63
103.72
103.49
103.45
103.4
103.77
103.19
102.98
103.88
101.85
103.1
102.97
103.53
103.56
103.81
103.47
103.11
103.02
102.23
101.99
102.71
101.46
102.59
103.28
103.02
103.85
104.01
103.97
103.78
103.77
103.34
103.14
103.52
104.02
104.24
103.91
103.84
103.63
103.09
102.66
102.74
102.58
102.67
103.06
102.99
102.48
102.4
102.56
102.9
102.76
102.76
103.91
103.92
104.31
103.88
103.47
103.24
102.73
102.93
101.71
102.14
102.66
102.84
102.59
104.27
104.27
102.75
102.23
102.5
102.61
102.77
102.04
103.01
103.1
102.96
103.1
102.99
102.48
102.83
103.13
102.49
102.59
103.31
103.66
103.44
103.54
103.66
102.78
102.82
103.16
103.3
104.2
104.08
103.83
104.24
104.04
103.9
103.69
103.52
104.52
103.29
103.58
103.91
104.53
103.9
103.72
103.52
103.75
103.77
103.75
103.67
103.65
103.71
103.46
104.35
104.32
104.19
104.52
104.27
103.92
103.74
102.83
103.47
103.71
102.93
101.86
101.98
102.9
102.82
102.81
102.9
105.03
104.61
104.07
103.56
103.28
102.84
102.39
101.83
102.03
102.0
101.94
102.8
102.84
102.96
102.69
102.87
103.09
103.29
102.83
102.76
103.17
103.31
101.19
102.52
102.72
102.68
103.28
103.49
103.56
103.68
103.79
105.09
103.33
103.73
103.72
103.74
103.54
103.88
104.12
103.76
103.74
103.92
103.69
103.55
103.48
104.8
103.51
103.54
103.68
103.13
102.78
102.68
102.65
103.27
103.67
103.67
103.77
104.18
103.96
103.58
103.28
103.03
103.43
103.66
103.04
104.84
103.41
