95.21
96.95
96.64
96.37
96.5
97.74
96.83
96.98
97.3
98.58
98.78
98.56
98.52
99.27
99.26
98.3
98.18
98.56
98.62
99.48
99.3
96.84
96.18
96.94
97.0
97.98
97.61
98.1
99.03
100.33
100.1
98.25
96.38
96.96
98.18
98.86
100.92
98.82
97.71
98.01
97.64
99.08
99.8
99.8
100.58
100.34
101.07
100.78
98.88
99.36
101.29
100.28
100.07
99.54
98.43
99.26
99.2
98.82
98.37
99.43
99.25
98.32
98.5
100.24
99.23
99.77
100.94
101.3
100.26
99.29
100.31
97.68
98.55
99.13
99.44
98.84
99.67
99.72
99.41
99.16
99.47
100.07
98.84
99.46
99.77
100.68
98.66
99.03
99.92
101.37
101.25
101.03
102.82
99.54
100.58
101.82
100.15
98.81
98.37
97.45
97.39
97.65
97.24
98.01
97.64
99.07
99.63
99.38
98.55
98.91
98.24
97.61
98.49
99.14
98.51
98.54
98.26
97.61
97.23
97.67
97.43
98.73
99.03
98.73
98.68
99.64
99.58
99.26
98.16
98.52
97.51
97.26
99.3
99.65
100.16
101.02
101.51
100.08
99.14
98.7
99.42
98.01
98.83
99.72
100.36
100.43
100.16
99.99
99.85
100.25
101.22
101.33
101.85
102.01
101.96
99.58
98.38
97.96
99.26
99.69
99.08
99.58
99.69
99.08
99.01
99.98
100.89
100.9
100.54
100.73
99.96
98.83
98.77
98.93
100.42
100.25
99.41
99.5
103.2
101.25
101.86
101.87
101.74
101.74
100.44
100.3
99.75
100.06
101.07
100.41
99.4
100.42
100.84
100.5
100.67
100.62
101.15
101.39
100.16
98.82
