105.66
105.6
105.22
104.82
104.56
104.73
104.38
104.38
104.58
105.28
104.64
104.09
103.93
104.27
102.97
103.9
105.03
105.09
105.14
105.27
105.21
104.22
104.49
105.08
105.38
103.9
102.95
104.14
104.12
104.41
104.41
103.86
104.79
105.15
105.12
104.84
105.08
105.23
105.11
105.21
105.25
105.04
105.5
105.53
105.63
105.35
105.82
105.44
104.71
103.87
103.89
106.64
104.58
103.8
104.11
103.44
103.88
103.38
103.46
103.86
103.67
103.97
103.77
104.75
104.43
105.21
104.91
103.85
104.37
104.18
104.72
104.62
105.06
105.28
104.53
104.82
104.45
102.5
103.79
103.56
103.67
103.63
102.88
102.9
104.25
104.53
104.25
104.51
103.87
103.95
103.67
103.61
104.06
105.01
104.52
104.35
104.79
105.32
105.78
104.64
104.98
104.81
105.17
104.38
104.91
104.24
104.65
104.49
104.89
104.92
105.1
104.57
104.22
104.81
104.47
104.94
105.17
105.36
104.7
104.4
104.78
104.86
106.02
105.29
104.83
104.64
104.64
102.29
103.64
104.58
104.71
104.31
104.68
104.36
106.51
105.89
104.63
104.76
104.71
104.36
102.45
103.64
103.25
104.06
104.13
103.94
104.05
104.26
104.29
103.88
103.02
103.7
103.2
103.43
103.96
104.32
106.21
104.78
105.16
105.12
105.02
104.86
104.69
100.57
103.18
104.03
104.05
103.58
103.75
104.08
104.34
103.77
104.06
104.68
104.29
104.64
104.54
105.48
105.79
104.3
104.1
104.3
104.6
103.99
104.23
103.26
103.37
103.75
103.47
102.76
104.28
104.51
104.56
104.67
104.46
104.24
104.38
106.54
104.72
104.45
