98.31
99.11
99.1
98.12
98.45
97.92
98.15
98.54
98.85
99.89
99.33
98.99
99.38
99.84
99.34
99.05
98.79
97.84
98.56
98.98
98.57
97.76
98.05
99.26
99.54
99.35
98.91
98.64
98.58
98.66
98.28
98.38
98.46
99.55
99.63
99.37
98.62
98.78
98.01
97.64
97.41
97.86
98.25
98.27
98.57
98.63
98.14
98.43
97.7
98.92
98.09
97.51
98.36
97.64
97.69
98.37
98.36
98.81
98.77
98.41
98.91
98.75
98.74
98.23
97.8
97.52
97.76
98.11
97.94
97.05
97.28
97.08
97.01
97.74
97.49
97.24
98.19
97.93
98.09
98.2
97.73
97.38
96.55
96.13
96.19
96.4
96.74
97.11
97.49
97.31
96.94
96.81
96.95
97.05
97.47
97.13
96.62
97.4
98.42
98.48
97.65
97.16
96.68
97.25
97.65
97.8
96.13
99.45
97.28
97.39
97.82
97.19
97.75
97.08
97.53
97.82
97.73
98.25
97.82
98.38
98.68
98.46
97.94
98.01
97.65
97.26
96.91
97.18
97.48
97.63
97.18
99.04
98.25
98.28
98.1
98.4
98.55
97.96
97.83
97.44
100.76
95.2
95.42
97.35
97.7
98.22
98.84
99.2
98.2
98.97
99.26
99.41
99.43
98.23
98.02
97.72
98.56
99.54
98.97
99.39
99.09
98.78
98.18
97.94
98.67
98.77
97.09
96.68
97.44
97.29
101.09
98.43
98.5
99.11
98.86
98.93
98.92
98.23
97.93
100.3
98.15
98.28
98.93
98.63
99.21
98.73
97.15
96.77
96.83
97.32
97.11
97.7
98.52
98.5
100.81
99.06
99.0
99.26
99.1
98.93
