97.20
97.58
97.72
98.07
97.7
96.93
96.45
95.44
95.76
96.14
95.66
95.66
96.05
95.95
96.21
95.84
95.36
95.49
95.59
96.45
96.82
95.98
95.93
96.82
96.81
95.48
96.62
96.33
96.05
96.21
95.87
96.86
96.17
96.3
96.85
97.29
97.36
97.12
96.42
95.55
95.6
95.9
96.07
96.26
95.87
96.48
96.24
96.98
97.04
96.74
96.89
96.47
96.26
96.13
95.65
95.57
95.42
96.69
96.75
97.28
97.01
96.9
96.18
96.52
96.52
95.94
95.26
94.75
95.77
96.4
95.93
95.47
97.4
96.57
97.57
96.59
96.55
96.23
96.4
96.17
95.8
96.92
97.03
96.15
95.44
95.82
95.6
95.73
97.68
96.6
96.79
96.95
96.15
95.82
94.88
95.23
96.16
96.1
96.31
96.23
96.01
96.75
96.55
96.14
96.2
96.49
96.08
95.78
95.85
95.5
95.84
95.58
96.09
95.91
96.15
95.72
95.12
96.43
95.84
96.25
96.01
95.15
95.66
96.23
96.23
96.19
96.36
97.37
96.85
96.3
96.07
96.41
95.86
94.64
95.0
95.3
94.78
95.34
96.05
96.43
96.39
95.95
96.04
96.01
95.41
95.01
95.27
96.09
97.49
96.44
95.29
96.12
96.11
96.07
96.29
96.46
96.42
95.69
95.91
95.84
95.49
95.48
95.65
96.78
96.36
96.38
95.38
94.87
94.45
95.04
95.47
96.82
98.14
95.97
95.88
95.99
96.63
96.13
95.93
95.97
95.73
95.66
95.4
95.04
96.51
96.57
95.45
95.39
96.35
96.32
96.29
96.74
96.82
96.26
96.73
96.37
95.9
96.46
96.68
96.56
