95.89
97.93
99.52
101.1
101.26
101.76
101.41
101.83
101.93
102.41
100.72
101.7
102.38
103.25
103.54
102.86
102.5
103.12
102.92
102.53
103.11
103.44
104.16
103.92
103.95
104.48
103.81
103.74
102.77
103.01
103.31
103.2
103.24
102.9
103.05
102.39
101.77
102.91
103.14
102.87
102.65
103.26
104.02
104.55
103.78
104.54
102.25
106.92
106.59
104.12
104.3
104.12
104.16
104.15
103.96
103.6
103.29
104.96
104.59
105.11
104.73
104.99
104.47
103.72
102.21
102.9
103.59
103.07
102.66
101.95
102.03
102.16
101.53
101.66
101.79
101.6
101.87
102.26
103.04
102.85
102.71
101.87
102.03
101.7
102.98
102.58
103.38
102.79
103.52
104.37
104.57
103.56
102.7
102.85
102.79
105.09
104.92
102.96
102.78
102.38
102.41
103.47
103.14
103.52
102.47
102.87
102.79
103.32
102.89
102.58
103.08
103.15
104.51
103.43
102.41
102.45
102.79
102.08
103.73
104.68
105.0
104.19
104.28
104.59
101.26
102.34
102.9
102.11
103.44
104.18
104.21
102.99
103.67
102.97
102.69
102.99
103.33
104.23
104.53
106.86
106.38
105.43
104.99
102.29
102.62
104.29
104.57
104.13
103.38
102.99
103.89
102.48
101.92
102.11
102.89
102.64
103.39
103.9
105.05
105.62
105.43
104.59
104.08
104.32
104.7
105.39
105.3
104.61
105.43
103.73
101.72
102.53
102.87
102.76
103.21
102.4
100.68
100.87
102.28
103.21
103.36
103.5
103.45
104.06
104.05
104.45
104.34
104.1
103.07
105.52
103.48
103.76
103.0
103.19
103.55
103.23
101.63
102.81
101.88
102.19
