99.15
98.88
99.2
99.61
99.64
99.3
100.1
100.58
100.68
100.85
101.07
100.71
100.51
100.65
99.97
99.87
100.11
100.15
100.11
100.81
100.51
100.42
100.2
100.4
100.4
99.57
98.52
98.76
98.82
98.82
99.17
98.88
99.55
100.06
100.26
100.42
100.36
100.2
99.78
99.61
99.6
99.42
99.41
99.41
98.89
98.81
99.22
99.36
99.4
99.68
99.79
99.48
99.47
99.39
99.64
100.21
100.14
99.91
98.0
97.73
98.63
99.61
100.14
100.23
100.66
100.73
100.83
101.02
101.21
101.0
100.86
100.4
99.89
99.95
99.87
99.71
99.58
99.61
99.96
100.54
100.81
99.96
100.38
100.3
99.46
99.45
99.51
99.12
100.16
101.27
101.73
101.38
100.4
99.73
99.54
100.04
99.25
99.04
99.05
99.33
100.17
99.92
99.63
99.69
99.96
100.11
100.44
100.48
101.19
100.92
100.74
100.61
99.94
98.92
98.52
98.71
99.13
98.75
98.21
99.63
99.75
100.5
100.79
100.84
100.82
100.8
101.05
100.15
100.17
100.19
100.24
100.09
100.13
100.37
99.61
99.03
99.09
99.19
99.35
99.21
99.21
99.56
99.79
99.73
99.85
99.75
100.66
99.36
98.71
99.24
99.67
99.53
99.16
99.12
99.56
99.04
99.45
99.27
99.32
98.78
98.61
98.47
98.55
98.88
98.89
98.22
98.56
99.1
99.48
99.26
99.06
99.38
99.84
100.06
99.85
100.15
100.07
100.85
99.33
99.13
99.65
100.29
99.8
99.91
98.97
99.21
99.38
100.1
100.23
100.25
100.63
100.63
100.2
97.54
99.44
99.45
98.69
98.66
98.79
99.51
