103.39
104.76
103.9
104.45
104.37
104.5
105.89
100.43
102.21
103.08
103.54
102.96
102.48
103.26
103.89
103.54
103.25
103.16
102.84
103.1
103.06
101.31
102.09
104.14
102.65
101.83
102.7
102.84
102.62
102.99
101.2
101.58
101.96
102.86
103.81
103.75
103.11
103.98
104.21
103.84
103.84
104.24
104.06
104.06
104.43
104.17
104.71
104.57
103.88
103.68
103.47
103.7
103.78
104.6
104.59
105.17
104.72
103.92
104.54
104.21
104.66
104.58
103.82
104.39
104.52
104.53
104.39
104.05
104.58
104.11
104.6
104.4
103.67
104.0
101.65
103.78
103.64
103.83
103.09
102.31
102.91
102.57
103.04
104.45
103.8
105.09
105.12
104.24
102.4
102.74
103.1
103.93
104.26
103.73
103.62
103.27
103.26
103.33
103.51
103.54
103.91
103.28
103.75
102.53
103.19
104.23
104.55
104.55
106.67
104.28
103.65
103.98
104.71
104.71
104.83
104.24
103.25
102.75
102.65
104.45
107.52
110.07
111.12
110.71
110.38
109.91
109.18
108.03
107.39
107.19
104.28
103.95
103.85
103.63
103.82
104.07
104.35
103.93
104.43
104.43
102.35
101.81
101.0
101.17
101.15
101.47
101.27
101.81
102.19
102.17
102.19
101.24
101.65
100.39
100.89
101.15
101.52
102.16
101.57
101.63
102.64
102.08
101.22
101.07
101.55
102.05
101.86
103.0
102.48
102.68
102.5
100.75
101.67
100.91
101.48
101.42
101.15
101.47
100.94
100.39
100.37
100.01
100.99
101.57
100.83
100.82
100.56
100.67
101.46
101.53
102.16
102.35
102.66
102.09
101.51
101.48
101.68
101.66
101.07
101.41
