101.33
101.34
101.43
101.91
101.49
100.75
100.75
100.75
101.13
101.23
101.52
102.64
102.19
102.18
101.8
102.39
102.24
101.63
102.07
101.53
101.16
101.78
102.67
102.66
102.47
101.92
102.01
102.08
101.84
101.66
101.26
101.13
101.2
102.07
102.75
103.4
102.93
102.37
101.56
102.22
102.3
102.9
102.98
103.24
102.65
101.59
101.52
101.21
101.99
101.91
101.57
101.38
101.38
101.12
100.71
100.5
100.9
101.16
101.13
101.12
101.2
101.2
101.96
101.67
101.62
101.55
101.89
101.89
101.84
101.4
101.51
101.49
101.43
101.04
100.87
101.61
101.47
101.49
101.34
101.67
101.53
102.15
102.46
101.72
101.5
100.92
100.69
101.02
101.44
101.07
100.77
100.75
101.39
100.66
101.38
101.9
101.8
101.31
101.23
100.46
101.59
102.05
102.21
101.13
101.63
101.92
102.47
102.61
100.76
99.29
100.52
101.08
101.24
101.33
101.7
101.6
102.11
102.51
102.38
100.97
101.44
101.37
101.36
101.52
100.92
101.25
101.33
101.64
102.64
102.81
102.64
102.25
101.82
100.74
100.46
101.41
102.15
101.71
101.94
101.68
100.78
101.38
101.77
101.16
100.69
101.1
101.58
101.67
101.8
102.17
102.48
101.64
101.48
100.83
101.29
101.36
101.11
101.31
101.27
101.73
101.05
101.05
100.57
101.02
101.59
101.41
101.58
102.24
101.25
101.18
101.33
101.96
101.39
101.12
101.75
101.36
101.17
101.58
101.03
101.46
101.71
102.04
102.55
102.84
101.97
102.27
103.12
103.15
102.59
102.39
101.57
101.76
100.93
100.9
101.04
101.18
100.78
100.71
100.72
100.46
