108.12
107.55
106.84
106.35
104.43
105.47
105.95
106.17
105.93
105.73
105.5
105.28
105.61
106.21
106.35
104.28
104.27
106.23
105.02
105.97
106.46
105.57
106.65
108.29
109.65
109.26
109.06
108.98
109.02
109.1
108.76
107.76
106.84
106.45
106.53
107.69
107.24
106.39
107.97
110.41
110.0
107.92
106.53
106.04
107.24
107.83
106.77
106.04
105.85
105.26
105.18
104.98
105.62
107.11
109.39
105.45
105.61
106.39
106.96
106.69
106.31
106.89
107.35
107.32
107.2
107.77
107.72
107.27
106.76
105.94
106.0
106.55
106.47
107.85
106.61
107.17
106.96
106.99
106.68
106.77
106.48
106.3
107.29
107.09
107.2
106.21
106.76
106.8
108.28
108.07
108.81
108.65
108.39
108.63
108.27
108.03
107.15
105.87
105.63
111.1
108.06
107.19
107.13
106.98
106.84
107.24
106.74
105.95
106.82
106.99
106.57
106.13
106.97
106.65
106.84
107.16
106.44
107.96
108.15
107.97
107.58
107.06
106.54
106.77
107.76
107.15
106.87
107.78
108.66
108.8
108.97
109.05
107.99
107.9
107.86
107.87
107.38
109.02
109.23
108.05
108.21
108.11
107.72
107.28
106.78
106.61
107.02
107.31
107.63
107.92
105.74
107.36
107.48
107.99
108.01
108.54
109.15
108.77
107.81
106.23
106.55
107.28
106.94
106.94
106.88
106.88
107.33
107.99
108.77
108.78
108.38
107.93
107.83
108.64
108.23
108.18
108.15
106.91
106.72
106.02
103.88
104.91
104.6
104.15
104.06
104.55
105.41
106.84
107.02
107.57
108.1
107.59
108.01
107.67
107.42
107.38
106.93
107.73
108.66
108.2
