109.90
110.42
110.79
110.5
110.59
108.56
108.98
106.07
104.27
102.92
106.38
106.67
106.78
107.11
104.41
103.78
102.27
102.33
102.35
102.67
102.19
101.3
102.07
101.7
102.22
101.79
101.88
102.69
102.77
103.9
104.83
104.43
102.78
101.9
102.37
103.38
102.94
101.57
103.9
74.28
94.04
97.43
99.47
102.37
104.34
104.7
101.97
103.82
98.37
108.89
104.35
102.47
99.81
98.04
103.57
100.16
100.65
103.62
105.21
106.54
108.57
107.74
107.67
106.12
107.2
109.08
108.7
104.83
106.17
101.51
105.63
104.39
105.09
104.06
104.43
109.26
108.36
109.67
109.87
107.92
107.51
103.26
106.85
108.27
107.55
104.29
108.33
109.99
83.62
99.69
99.03
95.46
105.87
112.17
112.02
110.41
110.74
111.24
90.77
90.1
89.31
110.17
107.1
109.12
107.25
109.91
111.15
110.56
109.43
108.22
107.65
107.86
108.33
108.34
108.71
108.47
108.21
108.4
108.6
107.57
107.29
111.8
112.47
106.88
106.55
106.23
105.5
105.06
105.96
107.32
106.46
106.16
108.04
109.85
109.65
114.91
115.41
114.26
113.58
109.03
107.23
105.77
105.33
107.25
105.67
96.62
96.62
118.37
116.89
114.28
113.28
111.2
105.73
104.2
103.91
104.36
107.07
107.22
99.63
103.21
104.05
105.03
104.59
98.56
105.47
111.67
106.84
106.54
106.18
102.73
100.56
100.67
103.25
104.64
106.37
106.84
107.07
108.01
108.2
107.85
105.45
105.04
104.89
105.24
107.67
107.92
107.84
101.74
104.42
105.71
105.88
105.96
105.8
106.46
105.86
103.65
103.32
104.49
102.27
102.51
