100.52
100.38
100.66
100.05
100.61
102.14
99.99
100.18
100.99
101.42
100.35
100.33
100.84
100.3
101.38
102.35
101.23
102.29
102.58
102.52
101.75
102.13
100.58
97.58
101.38
101.3
101.38
102.42
101.33
101.13
101.54
101.62
101.9
101.07
104.46
100.13
100.98
101.85
102.39
99.46
99.46
102.52
102.17
101.64
101.16
101.53
100.78
100.1
99.7
102.4
100.14
98.85
100.35
102.07
101.34
100.49
100.94
100.17
98.45
98.75
99.13
99.55
100.07
100.61
101.08
101.74
100.6
102.85
100.85
100.53
100.8
100.87
100.87
101.11
101.05
101.24
101.39
100.83
100.83
100.37
100.78
101.34
101.31
102.4
103.58
103.21
102.36
102.57
101.0
99.21
98.79
99.35
100.55
100.23
100.35
101.16
101.81
102.2
102.61
102.79
101.97
101.05
101.01
101.59
101.59
102.15
102.23
101.93
102.8
101.9
102.61
103.34
102.87
99.49
102.84
99.21
99.17
100.16
100.83
103.47
101.63
102.29
102.72
103.08
103.09
103.63
103.46
102.94
98.95
99.83
100.12
101.02
100.01
104.08
103.14
104.29
102.16
102.55
102.42
101.43
101.06
99.73
102.16
101.12
101.73
102.26
105.06
102.99
102.3
102.56
102.03
101.83
101.38
103.44
100.9
100.14
98.66
98.56
99.35
100.14
100.35
101.05
102.1
101.58
101.4
99.71
100.1
101.06
100.9
98.81
103.25
103.25
99.75
100.65
102.07
99.28
101.71
102.0
100.72
101.38
101.38
100.5
100.07
99.91
100.33
102.0
101.8
102.0
102.07
102.2
101.09
100.11
100.64
98.94
100.61
101.72
102.21
102.12
104.57
100.03
