102.00
102.29
102.38
102.01
100.89
99.89
100.16
99.74
100.37
99.54
99.04
99.32
98.71
100.05
99.21
99.78
100.06
100.32
100.08
101.18
100.65
100.79
101.18
101.03
100.71
100.73
101.34
101.34
101.76
101.9
102.53
100.84
99.87
99.36
100.26
100.49
99.99
99.58
99.37
99.16
99.5
100.44
99.83
100.49
101.22
100.8
100.84
99.94
101.31
101.66
102.34
101.39
101.73
101.25
99.49
104.28
102.48
101.33
101.34
101.19
100.52
99.87
99.37
99.09
99.95
99.7
100.37
100.05
99.89
99.87
99.46
100.1
97.85
100.07
100.44
100.35
100.46
99.8
100.13
99.91
100.86
101.57
101.68
102.22
101.36
100.93
101.37
101.14
100.74
101.62
101.36
104.13
101.73
102.59
101.51
101.52
100.71
100.43
100.83
101.47
100.86
99.66
101.83
100.26
99.6
99.72
99.96
100.13
100.64
99.76
100.48
100.92
100.86
101.15
101.77
102.48
102.21
101.81
101.18
101.22
100.61
100.62
101.34
101.21
103.21
100.82
100.68
100.43
100.93
101.28
101.4
101.81
100.58
100.38
100.17
100.94
101.24
102.2
102.17
101.27
101.05
100.82
100.17
101.37
99.84
99.66
100.32
100.92
100.38
100.25
99.9
100.01
100.18
100.26
100.94
100.94
100.97
100.75
101.44
101.07
100.52
99.78
99.46
99.09
100.25
100.09
100.28
99.9
100.7
100.63
101.01
100.61
100.61
100.24
100.2
99.91
100.88
101.08
100.3
99.64
100.15
99.54
99.01
98.42
98.48
99.15
99.56
100.68
100.29
99.98
100.51
102.49
101.73
100.57
100.19
100.73
101.26
101.2
100.62
100.62
