103.80
103.65
103.4
102.57
102.69
102.56
102.23
103.59
103.31
103.19
103.53
103.41
103.33
102.57
102.16
102.06
102.24
101.6
101.64
102.72
103.05
103.13
103.39
103.2
103.23
103.27
102.82
102.95
102.73
102.32
102.43
102.79
102.77
102.49
103.15
103.15
102.4
102.44
103.01
103.79
103.7
103.5
103.05
102.74
103.4
103.04
102.95
102.96
102.48
103.12
102.19
102.1
102.13
102.26
102.62
102.56
102.56
102.19
102.43
102.15
102.03
102.06
102.46
102.63
102.8
103.02
102.87
103.04
103.74
103.72
103.16
102.91
103.08
103.21
102.83
102.98
102.96
102.65
102.93
103.1
102.58
103.0
102.38
103.06
103.01
102.98
103.11
103.63
103.37
103.57
103.71
103.67
103.19
103.19
102.68
102.87
103.1
103.23
103.04
104.03
103.2
103.15
103.14
103.56
103.4
103.42
103.32
102.7
102.49
102.64
102.8
102.76
102.52
102.98
103.15
103.22
103.52
102.89
102.48
102.92
102.78
103.1
103.48
103.73
103.18
103.48
103.21
102.71
102.65
102.61
103.09
103.43
103.11
103.41
102.87
102.86
103.06
102.37
102.32
102.26
102.58
102.55
102.18
102.49
102.57
102.85
102.58
102.6
102.65
102.36
102.4
102.52
102.98
102.58
102.31
102.29
102.74
102.29
102.09
102.27
103.01
102.61
102.28
102.33
102.59
102.65
102.81
102.37
102.16
102.44
103.01
102.28
102.73
102.3
102.08
102.42
102.48
102.48
103.23
103.12
102.77
102.56
103.1
102.79
102.75
102.87
102.78
102.72
102.81
102.93
102.78
102.88
102.44
102.56
102.99
103.1
103.0
102.98
103.02
103.08
