100.86
101.09
101.36
101.41
101.25
100.87
101.76
101.79
101.93
101.73
99.86
99.53
99.73
100.35
100.35
102.31
99.31
99.76
99.38
99.71
99.73
99.88
100.58
100.17
100.47
100.95
100.61
100.52
100.43
101.53
100.94
100.39
100.76
101.1
100.96
101.15
100.94
102.01
101.95
102.02
101.19
100.97
101.43
101.4
101.12
101.07
101.18
101.42
101.74
101.43
101.18
101.44
101.6
101.45
101.38
101.38
101.54
101.14
100.75
101.0
100.97
100.4
100.44
101.05
101.09
101.08
100.93
100.67
101.0
100.74
100.64
100.72
100.83
101.09
101.42
101.4
99.67
99.78
100.96
101.17
101.35
101.54
101.52
101.15
100.61
100.64
100.58
100.94
100.42
100.65
100.65
101.37
100.56
100.73
101.18
100.99
100.83
101.2
100.48
100.14
100.02
100.43
100.8
101.03
100.78
100.88
100.36
100.61
100.72
101.02
100.84
101.17
100.73
100.6
100.84
99.94
100.37
101.13
101.02
101.22
101.1
101.24
101.74
101.79
101.7
101.69
100.75
101.39
101.42
101.05
100.73
100.7
100.34
101.02
101.01
100.78
100.68
100.97
100.22
100.6
100.43
100.11
100.46
101.49
101.74
102.21
102.49
101.52
100.76
100.34
100.8
100.16
100.72
100.8
100.8
100.61
100.44
100.44
100.6
100.86
101.31
101.02
101.04
101.42
101.3
100.79
101.12
100.63
100.66
101.52
101.64
101.5
102.16
101.91
99.76
101.13
101.56
100.79
101.21
100.29
100.47
100.23
100.36
101.01
101.44
101.13
101.01
101.01
100.87
100.39
100.71
101.03
100.82
101.33
101.53
100.44
100.69
100.27
99.98
100.1
