99.84
99.23
98.48
98.83
99.51
99.7
99.66
99.59
99.5
99.68
99.15
99.49
99.57
98.88
99.68
99.7
99.71
99.72
99.25
98.91
98.91
99.21
98.97
99.04
98.8
98.88
98.7
99.23
99.66
99.32
98.83
99.27
99.04
98.62
98.01
97.92
98.48
98.69
98.64
98.49
98.34
98.28
98.44
98.26
98.24
97.56
100.43
100.08
99.74
99.73
99.69
99.44
99.1
99.42
99.82
99.74
99.45
99.61
99.62
99.31
99.45
99.28
99.2
98.64
97.82
97.66
97.87
98.57
98.95
101.31
100.05
100.04
98.29
98.47
98.32
99.36
99.21
99.22
98.53
99.01
98.4
98.5
98.99
99.07
98.69
98.22
98.49
99.03
99.57
99.24
99.62
99.05
98.71
98.49
97.69
98.0
98.38
98.45
98.1
98.91
98.78
98.93
98.93
99.0
99.58
99.73
99.32
99.13
98.98
98.61
98.58
98.94
99.3
99.3
99.09
99.23
99.34
99.33
99.3
98.73
98.77
98.35
98.58
98.7
99.22
98.65
98.55
98.03
97.95
98.29
98.75
99.05
99.27
99.61
99.72
99.38
99.21
99.34
99.34
98.14
98.22
97.94
97.79
97.97
98.01
97.87
98.15
98.37
98.99
98.94
98.44
99.55
100.01
100.33
99.8
99.39
98.68
99.11
99.53
99.4
99.86
99.77
99.39
99.76
99.98
99.0
99.28
99.42
99.21
98.91
98.58
98.89
98.95
98.96
98.19
98.4
98.36
99.08
98.24
98.51
97.98
98.44
98.67
99.09
99.17
99.23
99.35
99.26
99.21
98.97
99.69
100.31
99.82
99.12
99.26
99.58
99.77
99.77
100.04
99.71
