103.72
103.58
103.92
103.62
103.99
103.78
106.11
105.66
105.49
105.6
104.73
103.41
102.87
102.77
102.72
102.64
102.35
101.79
101.79
102.69
102.37
101.8
101.86
102.14
102.44
101.94
102.35
102.25
102.38
103.02
103.47
103.26
103.54
102.91
102.6
103.02
103.23
103.55
103.32
102.95
103.3
103.32
102.75
103.03
103.1
103.32
103.52
103.15
103.11
102.63
102.24
101.3
101.42
102.13
102.69
103.24
102.27
102.22
102.9
103.86
104.35
104.75
104.24
103.84
104.04
104.21
103.17
102.65
102.29
102.89
99.34
100.32
101.66
101.82
101.47
102.63
103.21
103.59
103.79
104.33
99.8
100.74
104.05
103.47
103.27
104.06
104.14
103.61
103.34
103.64
103.35
103.3
103.14
103.64
102.44
103.17
103.36
103.88
103.68
103.88
103.76
103.82
103.59
102.25
101.15
100.61
99.47
100.69
101.37
102.09
102.26
100.41
102.32
103.98
104.79
105.24
104.9
104.42
103.73
103.01
101.95
104.72
104.68
103.93
103.38
102.88
102.43
101.83
101.61
104.12
104.64
103.94
103.09
103.43
102.99
102.32
101.55
103.39
103.23
102.82
102.6
103.52
102.8
103.29
103.66
102.86
102.51
102.68
102.95
103.69
102.89
103.18
103.37
103.68
103.84
101.95
102.23
102.28
102.62
102.27
102.14
101.89
101.25
101.01
101.14
101.79
101.9
102.2
101.87
102.6
102.64
102.44
102.6
103.07
103.38
104.76
105.15
104.48
103.38
101.94
101.64
102.41
102.68
103.17
103.37
103.47
103.65
103.39
103.4
103.03
103.49
103.58
102.96
102.76
102.98
103.59
103.9
102.11
101.6
102.65
