107.36
106.66
106.95
105.53
105.32
106.52
104.71
104.98
104.99
104.68
107.29
107.65
105.94
106.44
105.71
105.94
107.04
107.77
107.01
105.77
104.84
106.97
107.31
105.58
105.82
105.57
106.5
105.37
105.12
105.78
105.9
106.3
105.72
105.98
106.04
106.35
106.32
106.25
104.72
105.61
105.53
106.03
108.01
106.68
107.33
106.69
106.71
109.29
105.3
105.08
106.31
105.9
105.11
106.23
107.75
108.03
107.54
107.5
106.65
106.25
106.72
107.31
106.56
105.78
105.71
107.07
107.82
107.0
106.98
108.92
108.11
107.44
106.27
105.37
106.52
105.81
105.67
106.44
106.57
107.01
108.52
108.68
109.44
109.52
109.33
108.49
108.16
107.78
107.55
106.93
106.0
106.66
106.69
106.87
109.67
108.03
108.23
108.32
107.88
108.13
107.86
104.93
105.04
105.71
106.15
105.38
105.42
106.53
106.61
106.61
106.0
106.84
107.22
106.44
106.78
106.77
106.88
103.76
104.96
106.78
107.39
106.63
107.32
107.16
107.4
107.21
111.1
108.81
108.77
108.82
108.01
106.5
110.81
109.99
108.36
108.33
108.42
108.67
108.58
108.43
108.05
107.68
105.52
105.01
105.01
106.88
107.26
107.21
106.26
105.96
102.18
105.01
107.19
107.68
108.41
109.28
109.41
108.72
108.2
108.47
107.51
108.07
108.74
108.68
108.34
107.31
107.39
108.06
107.27
107.15
105.52
105.23
105.64
106.23
106.83
106.78
106.72
106.5
106.06
105.74
104.73
105.22
105.82
105.77
105.26
104.71
105.22
104.33
104.67
105.67
106.23
106.66
106.5
105.76
105.77
106.45
106.45
107.55
106.56
106.48
