104.96
105.44
104.65
103.36
103.96
103.86
103.52
103.9
104.58
104.44
104.29
104.34
102.01
104.45
104.45
104.61
104.9
104.81
104.76
105.76
105.15
105.45
104.78
105.08
104.8
104.93
104.34
103.45
103.03
103.3
103.55
104.91
105.09
105.24
104.76
103.52
104.99
104.74
104.65
104.93
105.02
104.63
104.67
105.11
106.4
105.29
105.25
104.7
104.03
103.55
103.0
103.52
104.35
105.21
105.04
104.97
104.33
104.8
105.19
105.18
104.89
105.86
105.2
105.22
104.81
103.87
104.52
105.29
105.33
104.88
102.71
103.33
103.54
104.35
104.48
104.04
104.25
104.21
103.96
104.12
104.43
104.74
104.94
105.38
104.1
104.88
105.54
105.37
105.27
105.21
104.68
104.38
104.13
104.08
104.66
105.52
105.61
105.03
105.32
105.28
104.66
103.76
104.38
104.7
104.64
104.3
104.75
105.18
105.5
104.7
103.43
104.68
104.31
104.46
104.39
104.33
104.31
103.92
104.18
104.52
104.58
105.12
106.51
105.91
105.71
105.06
104.45
104.47
104.98
105.11
104.99
105.75
105.13
104.74
106.4
105.02
105.07
104.07
103.55
104.73
104.38
104.37
104.71
104.14
104.15
104.1
104.54
104.19
104.16
104.74
104.43
104.6
103.49
104.0
104.53
104.22
103.91
104.46
104.59
103.71
103.18
103.92
104.08
104.47
104.63
105.12
104.79
105.08
105.48
104.79
104.29
104.44
104.09
104.38
104.51
104.67
104.7
105.63
106.72
105.4
105.22
104.78
103.26
103.35
105.01
105.32
104.84
105.85
105.74
105.64
105.19
105.35
105.79
103.85
104.6
104.77
105.2
105.19
104.59
104.65
