102.11
102.14
102.33
102.26
102.23
102.43
102.14
101.85
105.95
101.93
100.97
101.06
101.61
102.18
102.28
102.16
102.32
102.46
102.37
101.69
101.35
101.41
101.42
100.86
100.25
100.02
100.17
99.72
99.69
99.69
99.97
99.36
100.37
99.95
100.03
100.4
99.92
100.0
100.09
100.26
101.19
101.0
100.49
100.82
101.28
101.47
99.26
98.14
101.64
102.15
102.32
102.02
101.85
104.47
104.16
104.21
104.2
103.74
102.78
102.62
102.43
102.22
100.6
100.74
100.59
101.06
101.72
101.71
100.09
102.77
102.55
102.01
102.58
100.87
101.32
102.24
101.96
101.37
101.43
101.24
100.75
99.42
100.48
100.79
101.25
101.02
103.17
100.71
101.62
101.09
102.62
98.34
100.38
102.16
102.45
102.76
103.46
102.38
101.54
101.28
101.45
102.17
101.75
101.2
101.22
102.44
102.75
102.71
102.47
101.74
101.0
100.98
100.99
100.92
100.89
100.8
101.08
100.93
98.79
100.16
100.33
101.11
101.43
100.69
101.67
102.6
101.92
102.11
101.74
101.19
100.53
100.38
100.58
100.62
100.93
100.81
101.06
100.92
101.26
101.52
102.28
101.73
100.14
98.65
99.44
99.94
99.94
100.26
100.6
101.7
101.7
101.58
101.67
101.7
101.43
101.28
100.9
100.68
100.25
100.23
100.25
100.32
100.41
100.33
99.85
99.83
99.63
99.82
100.51
100.56
100.82
101.05
101.29
101.45
101.75
101.69
101.24
101.25
100.77
100.8
101.09
101.66
102.44
102.01
102.1
102.66
105.78
101.75
101.3
102.53
101.88
101.87
101.27
101.13
101.59
101.29
101.2
100.79
100.29
100.55
