100.68
100.85
100.36
100.47
97.38
98.4
98.87
98.82
99.52
100.58
101.46
101.57
101.25
101.87
101.89
101.5
102.0
102.09
103.6
101.67
99.16
99.6
101.04
100.57
100.2
102.14
102.13
101.32
102.0
101.61
101.83
101.53
101.72
101.94
101.21
102.02
101.93
101.65
101.65
101.76
102.44
103.35
101.84
103.9
103.02
102.67
103.12
102.01
101.56
101.47
102.41
103.03
102.98
102.12
102.29
103.08
103.06
104.69
105.07
105.32
104.47
102.8
102.98
102.72
102.09
101.78
100.9
100.73
100.38
100.45
100.31
100.19
101.65
102.74
102.6
101.61
101.93
101.26
100.95
101.33
98.5
101.88
102.15
100.06
102.43
102.68
102.66
102.87
100.26
100.88
101.58
100.64
100.64
102.16
102.52
101.81
102.1
102.09
101.49
101.04
100.8
98.96
98.61
101.09
100.76
101.47
101.59
100.1
102.01
101.77
101.91
103.22
102.7
101.69
104.69
100.93
101.22
100.12
98.75
98.92
99.53
100.54
100.96
101.25
101.35
98.69
98.64
98.36
98.04
97.98
98.96
100.17
100.83
100.29
100.68
100.99
102.51
103.35
100.51
99.82
99.77
100.3
100.95
101.0
88.33
99.81
102.48
102.02
101.4
101.93
101.95
101.68
101.43
100.59
100.39
100.56
101.68
101.53
101.29
100.99
101.03
101.4
102.19
102.69
101.47
100.16
100.14
100.59
99.88
100.67
101.11
99.28
99.65
102.1
102.67
102.88
102.11
102.14
101.85
102.81
102.22
102.03
103.4
102.31
103.63
101.64
100.43
100.6
101.23
101.57
102.1
102.44
102.08
102.57
102.9
103.23
102.33
101.66
101.79
102.55
