-160.71 -36.12 25.40 159.43
-160.08 -35.89 25.34 159.37
-161.15 -35.71 24.99 159.03
-162.51 -35.87 24.73 158.39
-163.43 -35.9 24.93 158.21
-165.35 -36.13 25.32 158.21
-165.55 -36.34 25.29 158.21
-165.62 -36.92 25.17 158.46
-165.62 -37.26 25.17 158.46
-165.62 -37.26 25.17 158.79
-165.62 -37.26 25.17 158.79
-165.62 -37.26 25.17 158.79
-165.62 -37.26 25.17 158.79
-165.62 -37.26 25.17 158.79
-165.62 -37.26 25.17 158.79
-165.62 -37.26 25.17 158.79
-165.76 -37.26 25.14 159.26
-167.3 -37.26 25.21 159.26
-168.31 -37.61 25.24 159.57
-167.73 -36.71 25.23 160.05
-167.31 -35.88 25.64 160.05
-167.84 -35.83 26.29 160.22
-169.47 -35.83 26.22 160.43
-171.17 -36.09 26.22 160.54
-171.48 -36.82 26.08 160.51
-170.84 -37.18 26.17 160.21
-169.93 -37.99 25.82 160.04
-170.49 -37.99 31.79 160.09
-170.79 -38.4 24.9 160.17
-170.84 -38.26 22.5 158.41
-170.72 -37.85 23.43 157.93
-170.41 -37.42 23.45 157.77
-171.17 -36.69 23.67 157.77
-171.16 -36.99 23.81 157.79
-171.16 -37.15 23.81 157.79
-170.53 -37.15 23.83 157.79
-170.53 -37.29 23.83 157.79
-170.53 -37.29 23.83 157.79
-170.53 -37.29 23.83 157.79
-170.53 -37.29 23.83 157.79
-170.53 -37.29 23.83 157.79
-170.53 -37.29 23.83 157.79
-170.53 -37.29 23.83 157.79
-169.74 -37.29 24.15 157.86
-169.24 -36.97 25.08 157.9
-169.11 -36.7 25.18 157.74
-170.21 -36.18 24.77 157.74
-171.78 -35.6 24.59 157.43
-172.0 -35.27 24.19 157.34
-171.98 -34.91 23.79 157.26
-171.9 -34.78 23.52 157.22
-171.01 -35.69 23.4 157.37
-169.96 -36.06 23.32 157.57
-169.57 -36.79 23.25 158.08
-167.96 -36.42 23.25 158.45
-167.13 -36.07 23.39 158.39
-166.69 -35.71 22.91 158.39
-166.06 -35.14 22.96 158.39
-166.06 -35.38 23.38 158.45
-166.81 -35.72 23.15 158.94
-166.37 -35.72 21.27 159.54
-166.37 -36.08 21.27 159.54
-166.14 -36.08 21.27 159.54
-166.14 -36.08 21.27 159.54
-166.14 -36.08 21.27 159.54
-166.14 -36.08 21.27 159.54
-166.14 -36.08 21.27 159.54
-166.14 -36.08 21.27 159.54
-166.14 -36.08 21.27 159.54
-166.14 -36.08 21.27 159.54
-165.57 -36.08 7.62 160.14
-164.59 -36.48 3.84 160.7
-165.06 -36.86 46.83 161.7
-165.65 -37.06 59.36 161.7
-166.25 -37.16 61.08 161.7
-167.1 -36.93 61.08 162.42
-167.26 -37.18 61.1 163.01
-167.58 -37.79 61.1 163.01
-167.58 -37.74 61.1 163.01
-167.58 -37.74 61.1 163.01
-166.24 -37.74 61.1 163.06
-166.24 -37.53 61.1 163.06
-166.24 -37.53 61.1 163.06
-166.24 -37.53 61.1 163.06
-166.24 -37.53 61.1 163.06
-166.24 -37.53 61.1 163.06
-166.24 -37.53 61.1 163.06
-165.94 -37.53 60.96 163.29
-166.39 -37.35 60.99 163.59
-167.22 -37.35 60.94 164.07
-165.55 -37.53 60.94 164.24
-165.68 -38.1 60.96 164.66
-166.19 -38.34 60.73 164.66
-167.16 -38.79 61.96 164.66
-166.79 -38.97 61.35 165.41
-165.43 -39.12 60.69 165.83
-164.2 -39.38 58.58 166.24
-163.5 -39.52 55.97 166.98
-164.58 -39.52 55.31 166.98
-165.03 -39.56 56.49 167.04
-166.33 -39.69 56.35 167.19
-166.57 -39.89 56.55 167.8
-167.33 -41.88 56.89 167.8
-166.72 -42.25 57.58 167.8
-166.31 -42.62 57.87 167.99
-166.31 -42.95 57.87 167.99
-164.82 -42.95 58.05 167.99
-164.82 -42.95 58.05 167.99
-164.82 -42.95 58.05 167.99
-164.82 -42.95 58.05 167.99
-164.82 -42.95 58.05 167.99
-164.82 -42.95 58.05 167.99
-164.82 -42.95 58.05 167.99
-164.82 -42.95 58.05 167.99
-164.82 -42.95 58.05 167.99
-162.72 -42.95 58.42 167.99
-163.87 -44.63 59.12 168.51
-163.8 -45.71 59.15 169.11
-163.97 -45.71 59.0 169.46
-164.33 -45.83 59.0 172.2
-164.69 -46.64 58.24 178.17
-165.46 -46.64 58.04 176.3
-166.51 -46.98 57.2 172.39
-166.51 -46.65 57.2 172.39
-166.51 -46.65 57.2 170.06
-166.51 -46.65 57.2 170.06
-166.51 -46.65 57.2 170.06
-166.51 -46.65 57.2 170.06
-166.51 -46.65 57.2 170.06
-166.51 -46.65 57.2 170.06
-166.51 -46.65 57.2 170.06
-166.51 -46.65 57.2 170.06
-167.22 -46.65 57.89 164.21
-167.87 -46.25 56.99 164.58
-167.9 -46.25 56.4 165.23
-167.66 -45.33 56.04 163.18
-167.73 -45.07 55.9 161.51
-168.05 -44.6 55.69 157.61
-168.05 -44.34 55.69 157.61
-165.05 -44.34 55.28 154.94
-165.89 -43.37 55.22 154.94
-166.0 -43.45 55.19 154.3
-166.04 -43.45 55.44 153.95
-165.75 -43.43 55.56 154.37
-165.41 -43.07 55.56 154.49
-165.65 -42.99 55.69 154.66
-166.21 -42.79 56.05 155.09
-166.95 -42.83 56.05 155.85
-167.14 -42.7 56.31 156.27
-167.14 -42.41 56.31 156.27
-167.14 -42.41 56.31 156.27
-167.37 -42.41 56.65 156.27
-167.37 -42.4 56.65 156.27
-167.37 -42.4 56.65 156.27
-167.37 -42.4 56.65 156.27
-167.37 -42.4 56.65 156.27
-167.37 -42.4 56.65 156.27
-167.37 -42.4 56.65 156.27
-167.73 -42.4 57.22 156.61
-167.99 -42.4 57.22 156.78
-168.09 -42.32 56.71 157.11
-168.16 -42.34 56.19 157.17
-167.92 -42.59 55.58 156.78
-166.96 -42.59 55.64 155.48
-166.96 -42.74 55.64 155.48
-164.95 -42.74 57.05 155.11
-165.16 -43.22 56.9 155.2
-166.62 -43.31 56.9 155.2
-165.54 -42.68 56.69 155.19
-164.74 -42.4 56.37 155.2
-164.84 -41.09 56.29 154.87
-165.49 -40.34 56.55 154.6
-166.15 -40.26 56.62 154.27
-166.62 -40.12 56.39 154.27
-166.01 -39.94 56.41 153.47
-165.99 -40.0 56.35 153.09
-166.96 -40.15 55.83 152.89
-166.42 -40.12 58.01 152.69
-165.12 -40.26 56.12 152.21
-164.92 -40.42 55.33 152.1
-165.2 -40.7 55.06 152.07
-165.56 -40.87 55.06 152.07
-166.37 -40.61 55.06 151.93
-166.86 -40.63 53.88 152.19
-166.86 -40.47 53.88 152.19
-166.86 -40.47 53.88 152.19
-166.37 -40.47 53.46 146.87
-166.37 -40.53 53.46 146.87
-166.37 -40.53 53.46 146.87
-166.37 -40.53 53.46 146.87
-166.37 -40.53 53.46 146.87
-166.37 -40.53 53.46 146.87
-166.37 -40.53 53.46 146.87
-166.23 -40.53 53.46 145.47
-166.12 -40.71 53.22 144.37
-166.65 -40.79 53.22 145.13
-167.01 -40.7 53.18 145.48
-166.61 -40.25 53.08 145.48
-166.77 -41.23 52.7 146.57
-167.63 -41.68 52.49 146.41
