154.81 -138.13 -65.61 71.16
154.84 -135.39 -65.45 71.3
154.82 -135.33 -65.45 71.56
155.13 -135.12 -65.42 71.11
155.94 -135.66 -65.43 70.82
155.74 -135.79 -65.45 70.49
155.37 -136.1 -65.57 70.21
155.2 -136.11 -65.57 70.06
154.92 -136.3 -65.68 70.06
154.58 -135.56 -65.68 70.98
154.0 -135.08 -65.74 71.08
153.78 -135.08 -65.78 70.65
153.51 -134.59 -65.49 70.03
153.67 -134.59 -65.52 69.38
154.15 -134.36 -65.52 68.67
154.56 -133.89 -65.52 68.67
154.98 -136.45 -65.52 68.5
155.19 -137.26 -65.8 68.36
155.28 -137.36 -65.8 67.91
155.5 -137.32 -65.86 67.61
155.78 -137.24 -65.88 67.26
155.6 -137.04 -65.98 66.99
154.94 -136.95 -65.97 67.28
154.96 -136.92 -66.05 67.62
155.15 -136.92 -66.12 67.98
155.15 -136.9 -66.12 67.98
155.32 -136.9 -65.93 68.96
154.61 -136.74 -65.9 68.96
154.28 -136.64 -65.5 69.52
153.71 -136.64 -65.26 69.99
153.68 -136.64 -65.29 70.5
153.51 -136.69 -65.3 70.98
153.31 -136.87 -65.46 71.35
153.28 -137.06 -65.66 71.35
153.36 -137.1 -65.83 72.19
153.55 -137.98 -65.83 72.46
153.63 -137.39 -65.67 72.58
153.75 -136.52 -65.67 72.38
153.97 -135.97 -65.61 72.25
153.97 -135.69 -65.36 72.1
154.29 -135.72 -65.31 71.55
154.76 -135.43 -65.18 71.2
155.04 -135.12 -65.18 71.14
154.99 -134.78 -65.41 71.14
154.83 -134.68 -65.66 71.08
154.35 -134.98 -65.68 70.78
153.83 -135.74 -65.68 70.28
154.52 -136.26 -65.77 69.91
155.67 -136.26 -65.77 69.7
155.67 -136.25 -65.77 69.7
155.83 -136.25 -65.68 69.8
155.77 -136.24 -65.64 69.83
155.64 -136.1 -65.49 69.93
155.49 -135.97 -65.39 70.28
155.33 -136.19 -65.13 70.47
155.32 -136.41 -65.0 70.78
155.36 -136.64 -64.93 69.65
155.55 -136.77 -64.89 69.21
155.77 -136.28 -64.79 68.78
156.17 -136.01 -64.71 68.16
156.08 -136.01 -64.74 68.0
155.12 -135.54 -64.89 67.93
154.07 -135.62 -65.02 67.84
153.81 -135.62 -65.08 67.64
153.47 -135.71 -65.08 67.57
153.7 -135.78 -65.06 67.85
153.92 -135.9 -65.14 68.51
153.92 -135.92 -65.14 68.51
153.11 -135.92 -65.14 68.54
153.56 -136.15 -65.14 67.94
153.31 -136.37 -65.25 67.79
153.2 -136.52 -65.25 67.35
153.24 -136.28 -65.42 66.8
153.54 -135.88 -65.77 66.61
153.75 -135.7 -65.87 66.62
153.83 -136.02 -65.77 66.47
153.92 -136.41 -65.65 66.57
154.77 -136.92 -65.6 66.94
155.42 -137.16 -65.53 67.19
155.69 -137.16 -65.53 67.21
155.75 -137.54 -65.53 67.31
154.73 -137.8 -65.35 67.31
154.12 -138.16 -65.2 67.43
153.79 -138.16 -65.1 67.55
153.76 -135.07 -65.06 68.02
153.47 -132.58 -64.84 68.22
153.37 -132.58 -64.4 68.22
153.37 -132.58 -64.14 68.99
153.39 -123.93 -64.14 69.36
153.29 -84.86 -63.67 69.36
153.35 -69.77 -63.37 69.36
153.45 -63.41 -63.19 69.39
153.45 -60.75 -63.19 69.39
153.6 -60.75 -62.61 69.56
153.44 -61.56 -62.18 68.93
155.56 -61.61 -62.18 68.45
156.66 -62.81 -61.81 68.3
156.39 -62.58 -61.28 68.54
155.88 -63.82 -60.85 68.78
157.35 -66.57 -60.54 69.09
158.58 -68.01 -60.34 69.3
159.11 -71.22 -60.33 69.48
158.67 -74.98 -68.92 69.43
157.96 -76.17 -75.91 69.36
157.01 -76.17 -74.25 69.58
156.14 -76.17 -71.53 69.67
155.36 -76.61 -72.56 69.67
155.13 -78.19 -72.9 69.64
154.47 -79.4 -73.17 69.69
153.92 -79.69 -69.9 69.69
154.46 -79.89 -65.74 69.54
154.92 -80.21 -62.24 69.4
155.28 -80.36 -62.24 69.12
154.94 -80.39 -61.17 68.81
154.06 -80.33 -60.27 68.42
153.57 -80.33 -60.27 68.26
152.89 -79.92 -60.27 68.22
152.32 -80.14 -59.21 67.98
152.48 -80.18 -59.21 67.96
153.09 -80.3 -57.87 67.94
153.27 -80.3 -57.71 67.84
153.43 -80.3 -57.18 67.77
154.33 -79.8 -57.18 67.77
155.4 -79.29 -57.18 67.92
155.4 -78.62 -57.18 67.92
154.29 -78.62 -57.14 68.3
154.41 -104.21 -57.14 68.42
154.88 -67.53 -57.2 68.39
154.53 -58.56 -57.12 68.35
153.17 -49.56 -56.65 68.07
153.02 -49.56 -56.65 67.82
153.27 -45.47 -55.69 67.74
153.44 -44.71 -55.59 67.57
153.47 -43.35 -55.62 67.51
153.38 -31.16 -54.96 67.46
153.81 -27.97 -55.57 67.46
154.83 -26.12 -20.53 67.23
154.57 -26.77 72.35 67.2
153.98 -26.92 74.09 67.08
153.4 -26.92 73.65 67.07
153.0 -27.2 73.65 67.07
152.84 -27.16 67.63 67.07
152.8 -27.18 66.11 67.24
152.8 -27.12 66.11 67.43
152.8 -27.68 64.89 66.87
152.8 -27.72 64.89 66.87
152.16 -27.72 64.53 66.32
152.05 -27.76 64.53 66.79
152.05 -27.36 64.95 67.21
152.45 -26.03 65.65 67.4
153.67 -26.76 66.35 67.4
153.32 -28.58 67.72 67.75
152.84 -29.89 69.18 67.18
152.84 -29.89 69.18 67.18
153.48 -29.89 68.06 67.0
153.56 -30.33 66.79 66.71
153.06 -30.96 65.33 66.5
152.64 -31.72 72.23 65.93
153.03 -31.72 72.23 65.98
153.13 -32.2 82.4 66.05
153.17 -32.19 85.74 66.17
153.12 -33.25 85.74 66.85
153.14 -33.29 85.74 67.62
153.32 -31.61 86.19 67.97
153.51 -32.38 86.21 68.33
153.14 -32.41 86.42 68.48
152.93 -32.57 86.42 68.72
153.24 -32.67 86.99 69.02
153.83 -31.59 84.96 69.02
154.96 -31.59 84.96 69.29
155.23 -30.95 84.12 69.9
155.12 -30.6 83.24 69.9
155.28 -30.16 82.32 70.06
155.3 -30.84 80.66 70.26
155.31 -32.65 79.12 70.38
156.17 -35.34 77.75 70.38
156.69 -33.54 75.93 70.35
157.15 -31.81 79.17 70.62
157.62 -31.32 81.71 70.7
157.82 -31.19 81.71 70.56
158.05 -30.44 85.52 70.12
158.59 -30.2 85.3 69.59
159.05 -30.14 85.37 69.32
158.67 -30.14 85.11 69.32
156.85 -30.0 85.11 68.95
156.15 -30.04 85.11 68.83
156.01 -29.72 85.55 68.75
155.94 -29.99 84.78 69.06
155.37 -30.76 83.81 69.06
154.96 -31.46 83.18 69.21
154.93 -31.22 79.97 69.35
154.96 -31.46 79.97 69.51
154.64 -31.5 79.97 69.47
154.5 -31.96 77.19 69.36
154.17 -33.33 72.39 69.36
153.63 -32.79 71.14 69.37
152.94 -32.58 71.51 69.39
152.57 -32.01 71.86 69.45
152.74 -31.89 71.86 69.52
153.1 -31.53 71.86 69.54
