86.92 162.66 -154.69 -52.44
86.92 162.66 -154.47 -52.8
86.92 162.82 -154.47 -52.8
86.54 162.82 -154.34 -52.89
85.83 162.93 -154.85 -52.98
85.31 162.82 -155.2 -52.89
84.89 162.82 -155.54 -52.86
84.74 162.74 -155.54 -53.0
84.44 162.62 -155.78 -53.18
83.92 162.45 -155.94 -53.36
83.77 162.45 -156.1 -53.4
83.77 162.31 -156.1 -53.4
84.0 162.31 -156.09 -52.84
83.99 162.05 -155.91 -52.5
83.99 162.33 -155.91 -52.5
84.04 162.33 -155.51 -52.26
84.08 162.96 -155.51 -52.19
84.76 162.59 -155.43 -52.35
84.82 162.08 -155.42 -52.57
84.53 161.59 -155.48 -52.45
84.43 161.11 -155.66 -52.16
83.9 160.8 -155.6 -52.0
84.22 160.8 -154.82 -51.86
73.94 160.9 -154.44 -51.86
89.24 160.9 -154.6 -51.67
89.29 160.87 -154.58 -51.15
88.72 160.86 -154.67 -51.15
87.86 160.75 -154.74 -50.77
87.31 160.7 -155.06 -50.77
86.78 160.99 -155.36 -50.57
86.56 161.18 -156.0 -50.74
85.91 161.45 -156.0 -50.89
85.91 161.73 -156.0 -50.89
84.83 161.73 -156.18 -51.04
85.34 161.77 -156.15 -51.77
86.6 161.81 -156.15 -52.25
86.89 161.85 -156.04 -52.45
86.79 161.78 -155.45 -52.87
86.8 161.78 -155.1 -53.11
86.71 161.72 -154.74 -53.11
86.32 161.65 -154.68 -53.11
86.13 161.48 -154.4 -53.04
85.96 161.64 -154.42 -53.19
85.87 161.94 -154.53 -53.31
85.73 161.94 -154.51 -53.34
86.02 162.1 -154.42 -52.96
86.02 162.1 -154.42 -52.96
86.54 162.1 -154.39 -52.54
86.51 162.21 -154.39 -52.05
86.12 162.17 -154.36 -52.05
85.85 162.1 -154.65 -51.79
85.77 162.1 -154.81 -51.74
85.24 161.99 -155.04 -51.74
84.82 161.74 -155.2 -52.22
84.74 161.72 -155.24 -52.46
84.66 161.84 -155.13 -52.75
84.68 161.87 -154.84 -52.75
84.6 161.87 -155.0 -52.81
84.25 161.93 -155.37 -52.82
83.59 162.07 -155.75 -52.93
83.34 162.07 -155.75 -52.67
83.87 162.25 -155.51 -52.31
85.29 162.48 -155.33 -52.58
85.58 162.48 -155.34 -53.26
85.58 162.48 -155.34 -53.26
85.27 162.48 -155.18 -53.41
85.31 162.5 -155.15 -53.55
85.31 162.66 -155.15 -53.55
85.47 162.66 -154.94 -53.49
85.38 162.86 -154.94 -53.49
85.22 162.85 -154.94 -53.79
85.4 162.81 -154.79 -54.23
85.57 162.81 -154.27 -53.9
85.7 162.87 -154.15 -53.55
85.81 162.99 -154.18 -53.05
85.94 162.97 -154.18 -52.74
85.53 162.98 -154.18 -52.54
85.06 162.95 -154.44 -52.45
85.06 162.94 -154.44 -52.45
85.47 162.94 -154.93 -51.98
85.36 162.86 -154.93 -51.81
85.36 162.87 -154.93 -51.81
85.78 162.87 -154.7 -51.49
86.31 162.01 -154.44 -51.4
86.88 161.21 -154.25 -51.4
86.31 160.91 -154.08 -51.25
86.12 160.65 -153.59 -51.19
86.49 160.15 -152.77 -51.24
86.61 160.15 -151.92 -51.22
86.52 159.76 -151.98 -51.17
86.38 159.8 -152.06 -50.73
86.48 159.8 -152.05 -50.14
86.43 159.83 -152.12 -49.41
86.86 159.76 -152.12 -49.41
86.86 160.2 -152.12 -49.41
86.98 160.2 -152.14 -48.38
86.98 160.59 -152.2 -48.17
86.81 161.36 -152.04 -48.17
86.66 161.73 -152.04 -48.14
86.66 161.69 -151.96 -48.31
85.67 161.66 -151.96 -47.83
85.67 161.65 -151.96 -47.83
83.46 161.65 -151.82 -46.21
85.63 161.64 -151.81 -45.59
87.59 161.64 -151.89 -45.02
87.59 161.64 -151.89 -45.02
90.09 161.64 -151.87 -43.81
89.97 161.59 -151.59 -43.73
89.77 161.59 -151.45 -43.67
91.02 161.54 -151.3 -43.67
91.22 161.48 -151.19 -43.83
90.95 161.41 -150.74 -43.98
90.72 161.41 -150.63 -43.54
90.46 161.41 -150.36 -43.17
90.39 161.26 -150.21 -42.49
90.23 161.03 -150.21 -41.44
90.74 161.03 -150.07 -41.44
84.55 160.89 -149.98 -41.03
94.62 160.93 -149.8 -40.73
94.92 161.02 -149.76 -39.71
94.12 161.02 -149.76 -38.92
93.68 161.09 -149.74 -38.67
92.4 161.18 -149.74 -38.31
90.89 160.96 -149.87 -38.11
90.28 160.96 -149.94 -37.61
90.2 160.55 -150.09 -38.05
90.2 160.34 -150.09 -38.05
91.3 160.34 -150.05 -38.68
91.11 160.66 -149.82 -39.04
92.45 160.92 -149.81 -39.37
90.29 161.17 -149.59 -39.76
90.29 161.22 -149.59 -39.76
94.23 161.22 -149.09 -40.69
94.46 160.56 -148.99 -41.37
94.19 160.4 -148.81 -41.58
94.38 160.18 -148.34 -41.88
94.76 160.15 -148.1 -41.71
95.4 160.08 -147.68 -41.67
94.75 159.96 -147.89 -41.67
93.74 159.85 -147.98 -41.6
92.94 159.82 -148.05 -41.56
91.65 159.92 -147.96 -41.38
91.65 159.97 -147.96 -41.38
90.39 159.97 -147.83 -41.21
92.22 160.52 -147.85 -40.87
86.09 160.52 -147.88 -40.49
86.41 160.81 -147.96 -40.37
85.98 160.81 -148.23 -40.34
85.53 160.99 -148.7 -40.34
85.9 160.99 -148.9 -39.32
85.9 161.15 -148.9 -39.32
87.41 161.15 -149.34 -38.28
88.08 160.31 -149.45 -37.92
88.49 160.08 -149.45 -38.26
88.92 159.67 -149.51 -38.83
89.3 159.5 -149.51 -39.06
89.3 159.3 -149.51 -39.06
89.54 159.3 -149.51 -40.64
89.35 159.25 -149.68 -40.97
89.1 159.36 -149.68 -41.45
88.96 159.51 -149.6 -41.03
88.64 159.51 -149.49 -41.03
88.73 159.85 -149.37 -40.51
88.73 160.07 -149.19 -40.18
88.84 160.67 -149.13 -39.74
88.84 160.67 -149.13 -39.74
88.68 160.67 -149.01 -39.15
88.57 160.14 -148.94 -38.89
88.46 159.48 -148.96 -38.62
88.28 159.22 -148.96 -38.37
88.27 159.57 -148.96 -38.22
88.07 159.68 -149.01 -38.22
87.95 159.95 -148.95 -38.15
87.73 159.65 -148.95 -38.1
87.7 159.65 -148.98 -38.11
87.6 159.65 -148.65 -38.03
87.6 159.5 -148.65 -38.03
86.24 159.5 -148.45 -38.06
85.53 159.32 -148.31 -37.99
85.76 159.23 -148.72 -37.99
85.76 159.1 -148.72 -37.99
86.0 159.1 -149.13 -38.26
86.39 158.94 -149.26 -38.32
86.96 158.82 -150.54 -38.32
87.22 159.09 -150.77 -38.46
87.5 159.26 -151.7 -38.18
87.5 159.26 -151.7 -38.18
87.4 159.26 -151.48 -37.84
87.4 159.74 -151.48 -37.84
86.59 159.74 -147.92 -38.5
85.67 159.7 -145.98 -38.89
85.67 159.63 -145.98 -38.89
88.49 159.63 -145.33 -39.78
88.81 159.76 -145.33 -39.42
88.01 159.85 -144.93 -39.42
86.85 159.85 -145.99 -39.42
86.21 159.75 -147.62 -38.84
84.99 159.75 -147.62 -38.22
86.45 159.55 -148.1 -38.47
86.82 159.4 -147.89 -38.72
