83.19 161.42 -158.28 -73.36
83.19 161.42 -158.28 -73.36
83.19 161.42 -158.28 -73.36
83.19 161.42 -159.72 -73.43
83.39 161.42 -160.69 -73.24
83.13 161.25 -161.28 -73.16
82.44 161.25 -159.94 -73.15
81.44 161.27 -158.15 -73.1
81.18 160.66 -157.35 -73.1
81.0 159.98 -157.64 -73.05
80.68 160.05 -156.59 -73.02
80.13 160.0 -156.59 -72.4
80.58 159.86 -156.59 -72.6
80.44 159.76 -155.56 -72.78
80.13 159.81 -155.31 -73.0
80.06 159.89 -154.66 -73.24
79.57 159.95 -155.22 -78.69
79.58 160.08 -155.49 -82.62
80.18 160.62 -155.41 -84.27
80.47 160.82 -154.85 -80.92
80.17 160.86 -154.38 -78.54
80.17 160.67 -154.38 -78.54
79.97 160.67 -154.38 -76.75
79.97 160.67 -153.73 -76.75
79.97 160.67 -153.73 -76.75
79.97 160.67 -153.73 -76.75
79.97 160.67 -153.73 -76.75
79.97 160.67 -153.73 -76.75
79.97 160.67 -153.73 -76.75
79.97 160.67 -153.73 -76.75
79.81 160.67 -159.84 -74.44
79.33 160.02 -158.45 -75.33
79.25 159.79 -157.86 -76.44
79.18 159.72 -157.52 -77.57
79.72 160.62 -151.39 -77.68
79.84 161.16 -149.76 -77.04
79.55 160.37 -149.76 -75.91
79.55 159.28 -148.77 -75.25
80.67 159.0 -148.26 -75.08
80.77 159.07 -148.54 -74.56
80.72 159.29 -149.9 -74.33
81.26 159.81 -150.29 -74.4
82.01 159.92 -151.01 -74.54
80.77 160.08 -151.37 -75.12
80.83 159.88 -151.73 -75.26
81.8 159.62 -153.9 -75.28
82.57 159.49 -157.8 -74.74
82.57 159.51 -157.8 -74.74
82.87 159.51 -157.11 -74.46
82.87 159.5 -157.11 -74.46
82.87 159.5 -157.11 -74.46
82.87 159.5 -157.11 -74.46
82.87 159.5 -157.11 -74.46
82.87 159.5 -157.11 -74.46
82.87 159.5 -157.11 -74.46
82.87 159.5 -157.11 -74.46
82.87 159.5 -156.79 -74.28
82.93 159.63 -155.51 -73.79
82.87 159.86 -158.75 -73.64
82.79 160.15 -163.22 -73.44
82.81 162.87 -158.63 -73.07
81.09 161.4 -150.67 -72.77
80.41 161.67 -158.68 -72.74
79.63 161.21 -160.94 -72.6
78.3 161.19 -161.36 -72.22
78.17 161.33 -159.24 -71.77
78.1 161.32 -153.15 -71.4
78.1 161.34 -155.09 -71.36
78.09 161.32 -156.29 -71.34
78.58 160.78 -158.64 -71.27
78.7 159.57 -159.77 -71.32
78.6 159.31 -159.1 -71.33
78.55 159.15 -158.59 -71.51
78.42 157.9 -157.38 -71.53
78.24 158.02 -157.13 -71.84
78.13 158.01 -157.01 -72.39
78.13 157.24 -157.01 -72.39
79.13 157.24 -158.57 -72.69
79.54 157.03 -158.88 -72.81
80.08 158.05 -170.46 -73.04
80.31 158.32 -173.67 -73.27
80.64 159.04 179.36 -72.68
80.72 159.43 -173.78 -72.18
80.72 160.0 -173.78 -72.18
80.7 160.0 -173.78 -72.18
80.7 160.0 -173.78 -72.39
80.7 160.0 -173.78 -72.39
80.7 160.0 -173.78 -72.39
80.7 160.0 -173.78 -72.39
80.7 160.0 -173.78 -72.39
80.7 160.0 -173.78 -72.39
80.7 160.0 -173.78 -72.39
80.7 160.0 -173.78 -72.39
80.5 160.0 -166.57 -73.01
80.9 160.35 -165.62 -73.04
81.2 161.16 -163.41 -72.4
82.12 161.31 -162.99 -72.52
82.55 161.04 -163.13 -72.58
83.01 160.93 -162.85 -72.8
82.97 160.86 -163.25 -72.98
82.6 161.0 -164.38 -73.58
82.42 160.87 -164.71 -73.61
82.42 161.24 -162.71 -73.4
82.26 159.35 -162.04 -73.12
81.78 158.82 -162.12 -73.13
81.16 158.35 -162.24 -73.0
81.0 158.39 -162.41 -72.68
81.16 158.56 -161.86 -72.52
81.95 158.64 -161.6 -72.48
81.97 158.78 -161.44 -72.8
82.03 158.81 -161.87 -73.13
82.18 158.95 -161.94 -73.51
82.52 158.99 -162.03 -72.66
82.46 159.18 -162.33 -72.27
82.34 159.57 -163.49 -72.79
82.12 159.91 -164.69 -72.85
82.08 160.05 -165.87 -72.58
82.66 160.79 -165.87 -71.84
82.66 160.9 -165.87 -71.84
82.4 160.9 -166.64 -71.59
82.4 161.11 -166.64 -71.59
82.4 161.17 -166.64 -71.59
82.4 161.17 -166.64 -71.59
82.4 161.17 -166.64 -71.59
82.4 161.17 -166.64 -71.59
82.4 161.17 -166.64 -71.59
82.4 161.17 -166.64 -71.59
82.21 161.17 -168.79 -71.33
81.99 161.0 -165.68 -70.95
82.27 160.87 -163.73 -71.03
81.78 160.87 -162.48 -71.13
81.89 161.04 -163.29 -71.16
82.53 160.8 -164.37 -71.09
83.12 160.89 -165.25 -71.43
83.18 160.99 -167.68 -71.91
83.1 160.25 -169.35 -72.47
83.1 159.47 -169.35 -72.47
83.1 159.47 -169.87 -72.58
83.1 159.47 -169.87 -72.58
83.1 159.47 -169.87 -72.58
83.06 159.47 -169.87 -72.58
83.06 159.47 -169.87 -72.58
83.06 159.47 -169.87 -72.58
83.06 159.47 -169.87 -72.58
83.06 159.47 -169.87 -72.58
82.75 159.47 -171.04 -72.64
82.05 159.17 -171.34 -72.41
81.89 159.26 -171.11 -72.53
81.65 159.4 -171.19 -72.66
81.35 159.69 -170.9 -73.16
80.95 159.69 -171.62 -73.51
80.53 159.71 -172.07 -73.89
80.39 159.87 -172.25 -74.47
81.54 160.12 -172.34 -74.69
82.44 160.48 -166.72 -74.87
82.34 160.1 -161.92 -76.18
82.34 160.1 -161.92 -76.18
82.22 160.1 -163.81 -74.53
82.48 159.92 -162.36 -73.37
82.67 160.12 -158.34 -72.89
82.97 160.04 -158.5 -72.54
83.09 160.04 -159.11 -72.27
83.09 159.72 -159.11 -72.27
83.15 159.72 -159.51 -72.06
83.15 159.73 -159.51 -72.06
83.15 159.73 -159.51 -72.06
83.15 159.73 -159.51 -72.06
83.15 159.73 -159.51 -72.06
83.15 159.73 -159.51 -72.06
83.15 159.73 -159.51 -72.06
83.15 159.73 -159.51 -72.06
83.04 159.73 -159.51 -72.02
82.95 159.75 -159.73 -71.86
82.62 159.8 -160.63 -72.08
82.48 159.63 -161.92 -72.42
82.01 159.62 -162.43 -72.74
81.71 160.18 -162.17 -73.45
81.47 160.95 -161.67 -73.77
81.4 160.64 -160.94 -73.4
81.28 160.55 -161.02 -72.97
81.28 160.54 -161.02 -72.97
81.28 160.54 -161.02 -72.97
81.13 160.54 -161.2 -72.48
81.13 159.96 -161.2 -72.48
81.13 159.96 -161.2 -72.48
81.13 159.96 -161.2 -72.48
81.13 159.96 -161.2 -72.48
81.13 159.96 -161.2 -72.48
81.13 159.96 -161.2 -72.48
80.94 159.96 -161.78 -72.51
80.87 159.96 -175.8 -72.19
81.19 157.92 175.26 -72.12
80.97 160.74 175.26 -71.86
81.06 160.52 173.15 -72.12
80.93 160.52 173.42 -72.43
80.93 160.35 173.42 -72.43
80.01 160.35 178.36 -71.73
79.73 161.12 178.36 -71.68
79.73 161.79 178.36 -71.68
79.73 161.79 178.36 -71.68
