65.70 167.87 -144.95 -74.74
64.71 168.51 -145.1 -74.53
63.76 168.99 -145.09 -74.85
64.11 169.52 -145.01 -74.95
64.42 169.93 -145.06 -75.19
64.95 169.65 -145.41 -74.98
66.13 169.65 -145.95 -74.95
66.7 169.65 -145.98 -74.99
66.7 169.44 -145.59 -74.75
66.69 169.01 -145.55 -74.6
66.23 168.46 -145.75 -74.61
65.87 167.96 -146.1 -74.6
66.35 168.45 -145.99 -74.58
66.46 168.6 -145.21 -74.49
66.58 168.57 -144.75 -74.55
66.91 168.57 -143.99 -74.77
66.37 168.74 -143.73 -74.82
65.11 168.76 -144.83 -74.7
66.37 168.78 -145.43 -74.54
67.71 168.77 -146.16 -74.55
67.86 168.83 -146.16 -74.54
67.86 169.17 -146.16 -74.54
67.04 169.17 -145.86 -74.57
67.27 168.74 -145.45 -74.69
67.27 168.57 -145.45 -74.69
67.41 168.57 -145.12 -74.7
67.41 168.34 -145.12 -74.7
67.41 168.34 -145.12 -74.7
67.41 168.34 -145.12 -74.7
67.41 168.34 -145.12 -74.7
67.41 168.34 -145.12 -74.7
67.41 168.34 -145.12 -74.7
67.41 168.34 -145.12 -74.7
67.51 168.34 -144.7 -74.49
67.36 168.41 -144.49 -74.43
67.13 168.31 -144.14 -74.81
66.84 168.28 -144.03 -74.8
66.62 168.28 -143.76 -74.91
66.69 168.18 -143.58 -74.9
66.86 168.08 -143.92 -74.92
67.77 168.08 -144.2 -74.98
67.77 168.08 -144.2 -74.98
67.77 168.08 -144.2 -74.98
67.77 168.18 -144.2 -74.98
67.77 168.18 -144.2 -74.98
67.77 168.18 -144.2 -74.98
67.77 168.18 -144.2 -74.98
67.77 168.18 -144.2 -74.98
67.77 168.18 -144.2 -74.98
67.77 168.18 -144.2 -74.98
68.32 168.18 -144.2 -75.01
68.24 168.22 -144.44 -74.81
68.25 168.31 -144.71 -74.76
67.9 168.57 -144.89 -74.71
67.07 168.24 -144.73 -74.68
66.55 168.09 -144.71 -74.8
66.91 167.84 -144.69 -74.84
66.43 167.78 -144.71 -74.91
66.12 167.59 -144.9 -74.95
67.26 167.46 -145.27 -74.8
67.21 167.46 -145.13 -74.78
66.4 167.37 -144.94 -74.94
65.38 167.36 -145.01 -75.0
64.0 168.52 -145.37 -75.19
63.82 169.08 -145.85 -75.2
63.94 169.16 -146.25 -75.16
65.6 169.16 -145.87 -75.16
65.19 169.41 -145.87 -75.29
65.12 169.66 -145.57 -75.16
65.25 169.68 -144.81 -75.02
65.52 169.82 -143.98 -75.0
66.44 169.91 -143.66 -74.97
67.01 169.87 -143.49 -74.85
67.17 169.82 -143.4 -74.61
68.24 169.75 -143.3 -74.51
68.43 169.74 -144.4 -74.35
68.43 169.18 -143.37 -74.38
68.55 168.34 -141.86 -74.46
68.62 168.9 -141.73 -74.38
68.39 169.48 -141.65 -74.4
68.0 169.99 -142.25 -74.32
67.51 170.42 -143.62 -74.4
67.44 170.24 -143.86 -74.63
67.58 169.91 -144.46 -74.66
67.98 169.93 -144.68 -74.62
68.19 170.53 -144.8 -74.67
68.11 170.56 -144.93 -74.78
67.8 171.01 -145.02 -74.82
67.69 171.47 -145.14 -74.79
67.27 171.48 -145.43 -74.66
67.08 171.62 -146.08 -74.62
66.99 171.06 -146.29 -74.59
66.98 170.12 -146.44 -74.93
66.92 169.75 -146.36 -74.99
66.66 169.74 -146.22 -74.99
66.87 169.63 -146.22 -75.09
67.21 170.16 -146.15 -75.1
67.33 170.68 -145.54 -75.19
67.41 170.1 -145.19 -75.2
67.49 169.36 -144.71 -75.11
67.69 169.14 -144.67 -75.2
67.92 168.19 -144.73 -75.19
67.53 169.97 -144.79 -75.15
67.0 170.26 -144.81 -75.24
67.2 169.97 -144.81 -75.26
67.96 168.84 -144.76 -75.24
68.59 168.36 -144.74 -75.24
68.22 168.32 -143.91 -75.07
67.61 168.28 -142.83 -75.03
67.99 168.27 -143.65 -74.91
69.46 167.74 -143.93 -74.76
69.03 167.52 -144.14 -74.75
68.96 167.19 -144.94 -74.79
68.97 167.19 -144.69 -74.69
68.74 167.56 -144.13 -74.69
68.32 167.9 -143.9 -74.81
67.83 168.1 -143.9 -75.07
67.57 168.6 -145.4 -75.04
67.49 168.24 -146.1 -75.16
67.27 167.74 -145.94 -75.16
67.4 167.46 -145.66 -75.19
67.34 168.1 -145.48 -75.17
67.24 168.32 -145.4 -75.2
66.91 168.46 -145.12 -75.16
66.89 168.46 -144.43 -75.14
67.14 168.18 -144.71 -75.13
67.26 168.12 -145.13 -74.99
67.49 168.05 -145.66 -75.19
67.44 167.99 -145.66 -75.2
67.39 167.92 -145.84 -75.12
67.51 168.19 -145.84 -75.13
67.61 168.18 -146.35 -75.05
67.67 168.29 -147.05 -74.84
67.11 168.6 -147.39 -74.68
67.02 168.68 -147.36 -74.51
66.72 168.89 -146.35 -74.81
66.12 169.13 -146.35 -73.99
65.38 169.31 -146.21 -73.99
64.4 169.25 -146.21 -74.95
63.41 169.01 -146.18 -74.95
62.58 169.1 -145.8 -75.37
63.94 169.13 -145.21 -75.54
63.94 169.13 -145.21 -75.54
66.27 169.13 -144.4 -75.54
67.06 169.17 -144.2 -75.5
67.02 169.11 -143.73 -75.39
66.74 168.61 -143.36 -75.49
66.0 168.3 -143.36 -75.45
65.39 168.07 -142.71 -75.46
65.72 168.29 -142.45 -75.51
65.98 168.34 -142.37 -75.53
65.98 168.34 -142.37 -75.53
65.66 168.34 -142.31 -75.59
65.36 168.84 -142.71 -75.53
66.09 169.12 -143.05 -75.61
66.67 169.33 -143.19 -75.44
66.12 168.88 -143.19 -75.37
65.71 167.89 -143.67 -75.25
65.38 167.56 -144.16 -75.36
64.89 167.69 -144.87 -75.31
64.88 167.69 -145.2 -75.1
65.06 167.68 -145.2 -74.98
65.35 167.72 -144.68 -75.02
65.38 167.76 -144.68 -75.07
65.26 167.86 -144.01 -75.16
66.31 167.91 -143.68 -75.03
66.77 168.01 -145.0 -75.18
65.92 168.01 -144.96 -74.99
65.43 168.01 -144.46 -74.72
65.85 168.02 -144.46 -74.94
67.11 167.99 -143.17 -74.94
66.96 168.04 -143.59 -74.97
66.64 168.04 -143.94 -74.91
67.0 168.04 -144.06 -74.79
67.39 168.76 -144.06 -74.7
67.56 166.68 -144.18 -74.6
67.56 166.71 -144.18 -74.6
66.99 166.71 -144.76 -74.52
66.86 167.19 -144.88 -74.57
66.92 167.01 -143.71 -74.54
67.12 166.94 -142.86 -74.54
67.12 166.74 -143.51 -74.78
67.21 167.1 -143.86 -74.84
67.21 167.54 -143.86 -74.84
65.95 167.54 -143.5 -74.27
66.38 167.55 -142.46 -74.09
66.49 167.43 -143.5 -73.73
66.7 168.44 -143.63 -73.4
66.83 169.2 -143.32 -72.74
66.88 169.21 -143.22 -71.91
66.82 169.11 -143.83 -71.77
65.87 168.95 -144.18 -71.56
66.19 168.92 -144.47 -71.48
67.02 168.78 -144.47 -71.61
66.33 168.51 -144.88 -71.13
65.9 168.6 -145.86 -74.79
66.7 168.71 -146.03 -62.23
66.94 169.15 -144.78 -49.68
66.97 169.32 -143.82 -42.23
66.39 169.06 -142.34 -42.01
