49.32 141.32 -141.52 -78.79
50.43 141.32 -141.22 -78.79
50.43 140.04 -141.22 -78.79
50.43 140.04 -141.22 -78.79
50.43 140.04 -141.22 -78.79
50.43 140.04 -141.22 -78.79
50.43 140.04 -141.22 -78.79
50.43 140.04 -141.22 -78.79
50.43 140.04 -141.22 -78.79
49.03 140.04 -140.94 -78.79
47.16 138.39 -140.64 -78.79
47.16 138.77 -140.64 -78.79
42.57 138.77 -141.35 -78.43
42.27 139.42 -141.35 -78.02
42.04 141.25 -141.6 -78.01
42.65 142.04 -141.24 -78.01
45.3 143.05 -140.8 -78.01
45.62 143.51 -140.8 -77.89
45.62 140.23 -140.8 -77.89
45.6 140.23 -140.6 -77.68
45.59 140.23 -140.6 -77.68
45.59 140.23 -140.6 -77.68
45.59 140.23 -140.6 -77.68
45.59 140.23 -140.6 -77.68
45.59 140.23 -140.6 -77.68
45.59 140.23 -140.6 -77.68
45.59 140.23 -140.6 -77.68
46.75 140.23 -140.83 -77.53
47.29 140.23 -142.0 -77.13
48.16 136.31 -142.64 -77.3
49.93 130.11 -142.64 -77.26
50.35 130.21 -142.93 -77.2
50.0 129.6 -142.63 -76.51
49.05 129.49 -141.65 -76.51
48.17 129.49 -140.94 -76.33
47.43 130.15 -140.94 -75.66
47.43 130.53 -140.94 -75.66
47.43 130.53 -140.94 -75.66
47.43 130.53 -140.94 -75.66
47.43 131.74 -140.94 -75.66
47.43 131.74 -140.94 -75.66
47.43 131.74 -140.94 -75.66
47.43 131.74 -140.94 -75.66
47.43 131.74 -140.94 -75.66
47.43 131.74 -140.29 -75.55
47.52 131.74 -140.59 -75.47
47.9 130.37 -141.5 -75.0
47.9 132.14 -141.83 -74.72
49.5 131.8 -143.11 -74.72
49.76 134.18 -143.83 -74.13
50.32 139.77 -143.96 -73.92
50.08 142.87 -144.18 -74.13
49.8 146.24 -142.67 -74.63
49.8 146.24 -142.67 -74.63
50.14 146.24 -142.19 -74.72
50.14 147.88 -142.19 -74.72
50.14 147.88 -142.19 -74.72
50.14 147.88 -142.19 -74.72
50.14 147.88 -142.19 -74.72
50.14 147.88 -142.19 -74.72
50.14 147.88 -142.19 -74.72
50.14 147.88 -142.19 -74.72
50.6 147.88 -141.75 -74.72
51.48 149.76 -141.75 -74.74
52.21 155.37 -141.76 -74.71
52.18 157.33 -148.67 -74.63
52.13 166.77 -136.97 -74.55
52.11 172.21 -136.39 -74.7
52.23 175.09 -140.35 -74.7
51.79 -179.41 -140.61 -74.61
51.44 -176.86 -141.3 -74.59
51.44 -173.22 -141.3 -74.59
51.44 -173.22 -141.78 -74.59
51.44 -173.22 -141.78 -74.59
51.44 -173.22 -141.78 -74.59
51.44 -173.22 -141.78 -74.59
51.44 -173.22 -141.78 -74.59
51.44 -173.22 -141.78 -74.59
51.44 -173.22 -141.78 -74.59
51.44 -173.22 -141.78 -74.59
51.24 -173.22 -142.3 -75.24
51.2 -166.3 -143.2 -75.36
51.14 -153.33 -144.07 -75.58
50.9 -148.92 -144.07 -75.39
51.16 -145.65 -144.28 -74.93
51.5 -144.06 -145.25 -74.41
51.65 -144.06 -145.47 -74.56
51.65 -138.89 -145.47 -74.56
50.49 -138.89 -145.7 -74.99
50.17 -138.89 -145.87 -75.13
50.17 -136.77 -145.87 -75.13
50.17 -136.77 -145.87 -75.13
50.17 -136.77 -145.87 -75.13
50.17 -136.77 -145.87 -75.13
50.17 -136.77 -145.87 -75.13
50.17 -136.77 -145.87 -75.13
50.17 -136.77 -145.87 -75.13
50.17 -136.77 -146.03 -75.13
49.98 -134.77 -146.28 -74.51
49.88 -132.01 -146.44 -74.22
49.78 -132.01 -146.58 -73.98
48.51 -127.72 -146.69 -73.43
48.24 -126.51 -146.81 -73.04
48.58 -122.85 -146.9 -73.0
49.47 -122.85 -146.2 -72.95
49.91 -121.83 -145.11 -73.04
49.91 -120.63 -145.11 -73.04
50.15 -120.63 -145.47 -73.07
50.15 -120.63 -145.47 -73.07
50.15 -120.63 -145.47 -73.07
50.15 -120.63 -145.47 -73.07
50.15 -120.63 -145.47 -73.07
50.15 -120.63 -145.47 -73.07
50.15 -120.63 -145.47 -73.07
50.15 -120.63 -145.47 -73.07
50.87 -120.63 -145.81 -73.07
51.06 -118.54 -146.5 -73.25
50.91 -118.54 -146.48 -73.37
49.88 -119.52 -146.34 -73.73
49.73 -120.12 -146.16 -74.42
50.26 -117.48 -146.0 -74.91
50.68 -116.28 -146.1 -73.89
51.58 -115.49 -146.29 -73.89
51.69 -114.68 -146.73 -73.62
51.69 -114.48 -146.73 -73.62
51.69 -114.48 -146.73 -73.17
51.69 -114.42 -146.73 -73.17
51.69 -114.42 -146.73 -73.17
51.69 -114.42 -146.73 -73.03
51.69 -114.42 -146.73 -73.03
51.69 -114.42 -146.73 -73.03
51.69 -114.42 -146.73 -73.03
51.69 -114.42 -146.73 -73.03
51.82 -114.42 -146.57 -73.03
52.38 -114.58 -145.47 -73.03
53.44 -114.97 -145.14 -72.89
54.03 -116.22 -145.23 -72.47
54.41 -116.86 -145.42 -72.29
54.93 -118.48 -145.5 -72.87
54.92 -119.7 -145.24 -73.3
54.8 -123.22 -144.68 -73.06
55.0 -123.22 -144.43 -72.82
55.0 -125.69 -144.43 -72.82
55.0 -125.69 -144.43 -72.82
55.0 -125.77 -144.43 -72.82
55.0 -125.77 -144.43 -72.82
55.0 -125.77 -144.43 -72.82
55.0 -125.77 -144.43 -72.82
55.0 -125.77 -144.43 -72.82
55.0 -125.77 -144.43 -72.82
55.0 -125.77 -144.43 -72.82
54.81 -125.77 -143.96 -72.82
54.62 -125.99 -143.5 -73.03
54.42 -125.99 -143.25 -73.03
54.81 -125.52 -142.65 -73.02
55.43 -124.83 -142.52 -72.94
54.75 -124.52 -142.52 -72.85
53.72 -125.82 -142.52 -72.75
52.97 -126.56 -142.67 -73.04
52.97 -125.33 -142.67 -73.04
52.97 -125.33 -142.67 -73.04
52.75 -125.33 -142.8 -73.16
52.75 -124.61 -142.8 -73.16
52.75 -124.61 -142.8 -73.16
52.75 -124.61 -142.8 -73.16
52.75 -124.61 -142.8 -73.16
52.75 -124.61 -142.8 -73.16
52.75 -124.61 -142.8 -73.16
52.55 -124.61 -143.24 -71.87
52.51 -123.63 -143.36 -72.74
53.07 -122.79 -143.54 -71.87
53.67 -121.53 -143.61 -71.87
53.46 -118.55 -144.59 -70.21
52.31 -118.56 -145.43 -68.31
46.25 -118.13 -145.79 -68.26
43.31 -118.44 -146.28 -66.08
42.42 -118.96 -146.57 -65.81
42.42 -120.78 -146.57 -65.81
42.42 -120.78 -146.57 -65.81
43.71 -120.78 -146.57 -65.01
43.71 -122.06 -146.57 -65.01
43.71 -122.06 -146.57 -65.01
43.71 -122.06 -146.57 -65.01
43.71 -122.06 -146.57 -65.01
43.71 -122.06 -146.57 -65.01
43.71 -122.06 -146.57 -65.01
44.74 -122.06 -146.83 -24.87
47.21 -124.65 -147.08 33.39
46.59 -125.59 -147.78 38.09
46.55 -127.54 -148.17 38.48
46.55 -127.54 -148.17 38.48
46.75 -127.54 -148.92 39.27
47.02 -128.99 -149.13 39.59
47.88 -128.33 -149.29 39.59
47.88 -127.73 -149.29 39.59
48.49 -127.73 -149.59 39.83
48.49 -127.46 -149.59 39.83
48.49 -127.46 -149.59 39.83
48.49 -127.46 -149.59 39.83
48.49 -127.46 -149.59 39.83
