-100.15 93.25 139.79 -137.93
-100.15 92.9 139.79 -137.93
-100.15 92.9 139.79 -137.93
-99.99 92.9 139.79 -137.44
-99.99 92.16 139.79 -137.44
-99.99 92.16 139.79 -137.44
-99.99 92.16 139.79 -137.44
-99.99 92.16 139.79 -137.44
-99.99 92.16 139.79 -137.44
-99.99 92.16 139.79 -137.44
-99.73 92.16 139.79 -137.44
-99.42 91.88 139.85 -137.33
-99.74 91.56 139.99 -137.27
-99.84 91.44 140.25 -137.27
-99.81 91.18 140.73 -137.33
-99.77 90.97 141.16 -137.42
-99.66 91.35 142.03 -137.6
-99.8 91.7 141.43 -137.63
-99.9 91.86 141.43 -137.61
-99.9 91.93 141.43 -137.61
-99.9 91.93 141.43 -137.61
-99.9 91.93 141.01 -137.3
-99.9 91.97 141.01 -137.3
-99.9 91.97 141.01 -137.3
-99.9 91.97 141.01 -137.3
-99.9 91.97 141.01 -137.3
-99.9 91.97 141.01 -137.3
-99.9 91.97 141.01 -137.3
-99.9 91.97 141.01 -137.3
-100.42 91.97 140.82 -136.53
-100.39 92.04 141.07 -136.46
-100.39 92.06 141.46 -136.5
-100.3 92.0 141.17 -136.48
-100.36 91.84 140.76 -137.03
-100.59 91.9 139.97 -137.45
-100.59 91.75 139.97 -138.54
-100.59 91.86 139.97 -138.54
-100.59 91.86 139.97 -138.54
-100.59 91.86 139.66 -138.46
-100.59 92.55 139.66 -138.46
-100.59 92.55 139.66 -138.46
-100.59 92.55 139.66 -138.46
-100.59 92.55 139.66 -138.46
-100.59 92.55 139.66 -138.46
-100.59 92.55 139.66 -138.46
-100.59 92.55 139.66 -138.46
-100.21 92.55 139.6 -138.35
-100.11 92.86 139.51 -138.35
-99.97 92.61 139.65 -138.4
-99.76 92.37 139.74 -138.4
-99.72 92.25 139.84 -138.65
-100.13 92.2 139.97 -138.88
-100.13 92.05 139.97 -138.88
-100.46 92.05 140.29 -139.0
-100.46 92.74 140.29 -139.0
-100.85 92.74 140.5 -138.93
-100.85 92.74 140.5 -138.93
-100.85 92.74 140.5 -138.93
-100.85 92.74 140.5 -138.93
-100.85 92.74 140.5 -138.93
-100.85 92.74 140.5 -138.93
-100.85 92.74 140.5 -138.93
-100.85 92.74 140.5 -138.93
-100.85 92.74 140.74 -139.33
-101.01 92.74 140.94 -140.26
-101.19 92.74 140.98 -140.7
-100.93 92.66 140.78 -140.7
-100.85 92.48 140.79 -140.99
-100.76 92.8 140.76 -141.1
-100.61 93.04 141.47 -141.1
-100.56 93.4 141.74 -141.17
-100.46 93.5 142.09 -141.15
-100.46 93.38 142.09 -141.15
-100.46 93.38 142.4 -141.15
-100.46 93.38 142.4 -141.15
-100.46 93.38 142.4 -141.15
-100.46 93.38 142.4 -141.15
-100.46 93.38 142.4 -141.15
-100.46 93.38 142.4 -141.15
-100.46 93.38 142.4 -141.15
-100.46 93.38 142.4 -141.15
-100.46 93.38 142.06 -140.88
-100.52 93.46 141.96 -140.27
-100.5 93.68 141.95 -140.1
-100.55 93.7 141.93 -139.72
-100.55 93.42 141.93 -139.72
-100.91 93.42 141.9 -139.31
-100.91 93.08 141.56 -139.04
-101.49 93.25 141.2 -139.28
-101.49 93.27 141.2 -139.28
-101.7 93.27 141.05 -139.47
-101.7 93.7 141.05 -139.47
-101.7 93.7 141.05 -139.47
-101.7 93.7 141.05 -139.47
-101.7 93.7 141.05 -139.47
-101.7 93.7 141.05 -139.47
-101.7 93.7 141.05 -139.47
-101.7 93.7 141.05 -139.47
-101.97 93.7 140.97 -139.61
-102.02 93.7 140.82 -139.61
-101.97 93.55 140.56 -139.92
-102.14 93.41 140.3 -138.87
-102.07 93.39 140.14 -137.98
-101.88 93.17 140.18 -137.88
-101.83 93.16 140.13 -138.3
-101.73 92.64 140.08 -138.55
-101.73 92.1 140.08 -138.55
-101.59 92.1 139.96 -138.74
-101.59 91.85 139.85 -138.82
-101.59 91.85 139.85 -138.82
-101.59 91.85 139.85 -138.82
-101.59 91.85 139.85 -138.82
-101.59 91.85 139.85 -138.82
-101.59 91.85 139.85 -138.82
-101.59 91.85 139.85 -138.82
-101.59 91.85 139.85 -138.82
-101.33 91.85 139.92 -138.91
-101.2 91.56 140.04 -138.91
-100.86 91.71 140.04 -139.05
-100.09 91.97 140.07 -141.01
-99.71 91.97 139.96 -141.69
-99.71 92.21 139.91 -141.39
-99.71 92.27 139.8 -140.75
-99.35 92.2 140.4 -140.37
-99.35 92.47 140.4 -140.37
-99.27 92.47 140.78 -140.0
-99.27 92.53 140.78 -140.0
-99.27 92.53 140.78 -140.0
-99.27 92.53 140.78 -140.0
-99.27 92.53 140.78 -140.0
-99.27 92.53 140.78 -140.0
-99.27 92.53 140.78 -140.0
-99.27 92.53 140.78 -140.0
-99.06 92.53 141.09 -140.07
-99.06 92.63 141.85 -140.35
-99.06 92.81 142.68 -140.38
-98.8 92.85 143.13 -140.14
-98.56 92.71 143.18 -139.48
-98.55 92.67 142.82 -139.31
-98.37 92.51 142.66 -139.28
-98.25 92.57 142.49 -139.28
-98.23 92.64 142.25 -139.57
-98.23 92.69 142.25 -139.57
-97.99 92.69 142.25 -139.69
-97.99 92.66 142.25 -139.69
-97.99 92.66 142.25 -139.69
-97.99 92.66 142.25 -139.69
-97.99 92.68 142.25 -139.69
-97.99 92.68 142.25 -139.69
-97.99 92.68 142.25 -139.69
-97.99 92.68 142.25 -139.69
-97.72 92.68 142.18 -139.82
-97.34 92.72 142.07 -139.8
-98.11 92.74 141.77 -139.89
-98.11 92.57 141.19 -139.87
-98.28 92.23 140.9 -140.05
-98.5 92.05 140.66 -140.16
-98.56 92.11 140.87 -140.45
-98.56 92.36 141.27 -139.81
-98.68 92.55 141.47 -139.07
-98.68 92.48 141.47 -139.07
-98.68 92.48 141.47 -139.07
-98.68 92.48 141.47 -139.07
-98.68 92.45 141.47 -139.07
-98.68 92.45 141.47 -139.07
-98.68 92.45 141.47 -139.07
-98.68 92.45 141.47 -139.07
-98.68 92.45 141.47 -139.07
-98.68 92.45 141.47 -139.07
-98.45 92.45 141.47 -138.83
-98.45 92.53 141.47 -138.83
-97.62 92.53 140.73 -138.86
-97.06 92.31 140.55 -138.88
-96.79 92.25 141.04 -138.88
-96.56 92.29 141.35 -139.23
-96.56 92.4 141.35 -139.23
-95.98 92.4 141.55 -140.08
-95.78 92.26 141.77 -139.98
-95.78 92.12 141.77 -139.98
-95.78 92.12 141.77 -139.98
-95.78 92.12 141.77 -139.98
-95.78 92.12 141.77 -139.98
-95.78 92.12 141.77 -139.98
-95.78 92.12 141.77 -139.98
-95.78 92.12 141.77 -139.98
-95.78 92.12 141.77 -139.98
-95.78 92.12 141.77 -139.93
-95.72 92.03 141.87 -139.93
-95.66 92.09 142.14 -139.88
-95.51 92.09 142.42 -139.66
-95.51 92.25 142.42 -139.66
-95.58 92.25 142.6 -138.71
-95.59 92.79 142.35 -138.04
-95.55 93.0 141.92 -137.49
-95.27 92.93 141.58 -137.49
-95.27 93.01 141.58 -137.49
-95.09 93.01 141.01 -136.96
-95.09 93.01 141.01 -136.96
-95.09 93.01 141.01 -136.96
-95.09 93.01 141.01 -136.96
