-91.43 64.14 137.02 -123.91
-91.43 63.71 137.02 -123.91
-98.84 63.71 136.8 -123.71
-108.58 63.93 136.78 -124.06
-107.61 64.25 136.6 -124.21
-107.61 64.44 136.67 -124.57
-107.61 64.63 136.67 -124.57
-107.59 64.63 136.72 -125.11
-107.59 64.63 136.72 -125.11
-107.59 64.63 136.72 -125.11
-107.59 64.63 136.72 -125.11
-107.59 64.63 136.72 -125.11
-107.59 64.63 136.72 -125.11
-107.59 64.63 136.72 -125.11
-107.59 64.63 136.72 -125.11
-107.59 64.63 136.67 -125.76
-107.6 64.71 137.04 -126.15
-107.45 64.46 137.04 -126.99
-107.16 64.23 137.4 -127.3
-107.0 64.04 137.79 -127.52
-107.16 63.85 138.42 -127.85
-107.79 63.76 138.44 -127.85
-108.15 63.59 138.45 -127.95
-107.58 63.86 138.45 -128.02
-107.58 64.06 138.45 -128.02
-107.58 64.06 138.45 -128.02
-107.58 64.17 138.45 -128.02
-107.58 64.17 138.45 -128.02
-107.58 64.17 138.45 -128.02
-107.58 64.17 138.45 -128.02
-107.58 64.17 138.45 -128.02
-107.58 64.17 138.45 -128.02
-107.58 64.17 138.45 -128.02
-106.88 64.17 138.47 -128.19
-107.14 64.17 137.94 -127.89
-107.14 64.21 137.5 -127.42
-107.14 64.28 136.92 -127.14
-107.14 64.21 136.12 -126.78
-107.24 64.29 136.15 -126.64
-107.35 64.75 136.43 -126.41
-107.68 65.38 136.7 -126.26
-107.81 65.63 136.92 -125.66
-107.81 65.63 136.92 -125.66
-107.81 65.63 136.92 -125.66
-107.81 65.93 136.92 -125.66
-107.81 65.93 136.92 -125.66
-107.81 65.93 136.92 -125.66
-107.81 65.93 136.92 -125.66
-107.81 65.93 136.92 -125.66
-107.81 65.93 136.92 -125.66
-107.8 65.93 137.17 -125.21
-107.69 65.93 136.81 -124.76
-107.3 65.62 136.5 -124.44
-106.66 65.46 136.22 -124.44
-106.66 65.46 135.52 -124.33
-106.11 65.64 135.91 -124.56
-105.84 65.64 136.04 -124.74
-105.46 65.8 136.19 -124.88
-105.47 65.89 136.08 -125.15
-105.47 66.11 136.08 -125.15
-105.84 66.11 136.08 -125.32
-105.84 66.11 136.08 -125.32
-105.84 66.11 136.08 -125.32
-105.84 66.11 136.08 -125.32
-105.84 66.11 136.08 -125.32
-105.84 66.11 136.08 -125.32
-105.84 66.11 136.08 -125.32
-105.84 66.11 136.08 -125.32
-106.58 66.11 136.03 -125.44
-106.8 66.28 136.05 -125.49
-107.37 66.77 136.54 -125.49
-108.06 66.77 136.69 -125.69
-108.29 66.66 137.29 -125.69
-108.29 66.84 137.43 -126.13
-108.29 66.33 137.56 -126.54
-107.86 65.96 137.66 -126.32
-107.86 65.85 137.66 -126.32
-107.92 65.85 138.04 -126.12
-107.92 65.64 138.04 -126.12
-107.92 65.64 138.04 -126.12
-107.92 65.64 138.04 -126.12
-107.92 65.64 138.04 -126.12
-107.92 65.64 138.04 -126.12
-107.92 65.64 138.04 -126.12
-107.92 65.64 138.04 -126.12
-107.92 65.64 138.04 -126.12
-107.92 65.64 138.64 -125.69
-107.63 69.68 138.9 -125.44
-107.45 72.37 138.9 -125.46
-107.45 73.38 138.9 -125.46
-108.14 73.38 138.88 -125.51
-108.14 69.85 138.88 -125.58
-108.14 67.49 138.88 -125.58
-109.01 67.49 139.03 -124.94
-109.01 65.87 139.03 -124.94
-109.01 65.87 139.03 -124.94
-109.01 65.87 139.14 -124.61
-109.01 65.34 139.14 -124.61
-109.01 65.34 139.14 -124.61
-109.01 65.34 139.14 -124.61
-109.01 65.34 139.14 -124.61
-109.01 65.34 139.14 -124.61
-109.01 65.34 139.14 -124.61
-109.57 65.34 139.24 -124.11
-110.04 65.13 139.3 -124.45
-110.86 65.13 139.34 -124.71
-110.87 65.16 139.61 -124.98
-110.92 64.61 139.7 -124.98
-110.92 63.95 139.7 -125.5
-110.68 63.78 139.77 -125.74
-110.35 63.49 139.95 -126.08
-110.35 63.29 139.95 -126.89
-110.35 63.1 139.95 -126.89
-110.35 63.1 139.95 -126.89
-110.17 63.1 140.15 -126.89
-110.17 63.1 140.15 -126.89
-110.17 63.1 140.15 -126.89
-110.17 63.1 140.15 -126.89
-110.17 63.1 140.15 -126.89
-110.17 63.1 140.15 -126.89
-110.17 63.1 140.15 -126.89
-109.77 63.1 140.29 -126.89
-110.35 62.3 140.45 -126.75
-110.41 62.27 140.53 -126.55
-110.7 62.1 140.58 -126.48
-110.84 61.87 140.5 -126.48
-111.19 61.82 139.59 -126.42
-111.19 61.82 139.29 -125.57
-111.19 62.07 139.31 -124.32
-111.33 62.22 139.19 -123.48
-111.33 62.37 139.19 -123.48
-111.33 62.37 139.19 -123.48
-111.33 62.37 139.19 -123.48
-111.33 62.5 139.19 -123.48
-111.33 62.5 139.19 -123.48
-111.33 62.5 139.19 -123.48
-111.33 62.5 139.19 -123.48
-111.33 62.5 139.19 -123.48
-111.33 62.5 139.12 -123.61
-111.4 62.55 139.06 -123.98
-111.43 62.53 139.06 -124.01
-111.32 62.67 139.0 -124.17
-111.3 62.61 138.89 -121.61
-111.27 62.61 138.8 -124.7
-111.4 62.75 138.7 -123.36
-111.5 62.91 138.56 -123.36
-111.58 68.87 138.48 -123.36
-111.58 71.11 138.48 -123.36
-111.58 71.11 138.46 -120.92
-111.58 71.11 138.46 -120.92
-111.58 71.11 138.46 -120.92
-111.58 71.11 138.46 -120.92
-111.58 71.11 138.46 -120.92
-111.58 71.11 138.46 -120.92
-111.58 71.11 138.46 -120.92
-111.58 71.11 138.46 -120.92
-111.56 71.11 138.71 -120.92
-111.62 70.2 139.0 -120.83
-111.75 69.31 139.43 -120.89
-111.75 69.01 139.57 -121.89
-111.75 69.84 139.41 -123.08
-111.62 70.75 139.19 -123.08
-111.62 70.06 138.74 -123.65
-111.45 69.68 138.57 -123.79
-111.08 69.15 138.57 -123.99
-111.08 68.38 138.57 -123.99
-111.08 68.38 138.57 -123.99
-111.08 68.38 138.57 -123.99
-111.08 68.38 138.57 -123.99
-111.08 68.38 138.57 -123.99
-111.08 68.38 138.57 -123.99
-111.08 68.38 138.57 -123.99
-111.08 68.38 138.57 -123.99
-111.08 68.38 138.57 -123.99
-110.74 68.38 138.35 -124.3
-110.58 67.92 138.36 -124.3
-110.58 68.67 138.6 -124.98
-110.35 69.42 138.72 -125.57
-110.18 69.2 139.06 -126.0
-110.08 68.2 139.06 -126.54
-108.66 67.11 139.3 -126.83
-108.66 66.6 139.6 -126.46
-108.66 66.76 139.6 -126.46
-104.83 66.76 140.2 -126.46
-104.83 66.85 140.2 -126.46
-104.83 66.85 140.2 -126.46
-104.83 66.85 140.2 -126.46
-104.83 66.85 140.2 -126.46
-104.83 66.85 140.2 -126.46
-104.83 66.85 140.2 -126.46
-104.83 66.85 140.2 -126.46
-104.83 66.85 140.2 -126.46
-70.17 66.85 140.33 -125.67
-70.17 67.7 140.23 -124.99
-62.17 68.03 140.15 -125.02
-55.22 67.78 140.09 -125.01
-52.95 66.95 140.03 -124.9
-52.95 66.43 140.03 -124.9
-56.33 66.43 140.38 -124.74
-62.09 66.09 141.06 -124.74
