-51.43 33.96 121.57 -83.88
-51.43 33.64 121.57 -83.88
-51.14 33.64 121.48 -83.45
-51.14 32.98 121.48 -83.45
-51.14 32.98 121.48 -83.45
-51.14 32.98 121.48 -83.62
-51.14 32.92 121.48 -83.62
-51.14 32.92 121.48 -83.62
-51.14 32.92 121.48 -83.62
-51.14 32.92 121.48 -83.62
-51.14 32.92 121.48 -83.62
-51.14 32.92 121.48 -83.62
-51.72 32.92 121.5 -83.89
-51.72 33.07 121.35 -84.35
-51.95 33.43 121.53 -84.35
-52.11 34.74 121.66 -84.35
-52.11 36.24 121.66 -84.35
-52.35 36.24 122.75 -84.47
-52.52 35.89 123.12 -84.25
-52.52 35.81 123.16 -83.99
-52.74 35.46 123.16 -83.79
-52.74 35.0 123.16 -83.79
-52.74 35.0 123.16 -83.79
-52.74 35.0 123.27 -83.79
-52.74 34.53 123.27 -83.79
-52.74 34.53 123.27 -83.79
-52.74 34.53 123.27 -83.79
-52.74 34.53 123.27 -83.79
-52.74 34.53 123.27 -83.79
-52.74 34.53 123.27 -83.79
-52.3 34.53 123.32 -83.64
-51.82 33.63 123.37 -83.77
-51.69 32.44 123.39 -83.69
-51.56 32.84 123.39 -83.85
-51.56 33.98 122.6 -83.61
-51.56 35.29 122.6 -83.61
-51.37 35.29 121.67 -83.47
-51.26 34.43 121.72 -83.37
-51.29 35.12 121.75 -83.37
-51.34 36.24 121.75 -83.33
-51.55 36.79 121.93 -83.55
-51.55 37.12 121.2 -84.08
-51.55 37.02 120.22 -84.4
-51.69 36.86 121.22 -84.7
-51.6 36.35 121.22 -83.87
-51.6 35.73 121.22 -83.87
-51.6 35.73 121.22 -83.87
-51.6 35.73 121.22 -83.43
-51.6 35.36 121.22 -83.43
-51.6 35.36 121.22 -83.43
-51.6 35.36 121.22 -83.43
-51.6 35.36 121.22 -83.43
-51.6 35.36 121.22 -83.43
-51.6 35.36 121.22 -83.43
-51.48 35.36 122.13 -83.43
-51.44 34.91 122.62 -83.14
-51.44 35.1 122.62 -83.14
-51.44 35.1 122.63 -83.36
-51.18 34.74 122.97 -83.52
-50.92 34.74 122.88 -83.52
-50.38 34.52 122.89 -83.52
-50.08 35.83 122.89 -83.52
-50.2 37.63 122.82 -83.64
-50.2 38.51 122.82 -83.64
-50.2 38.51 122.82 -83.66
-50.2 38.51 122.82 -83.66
-50.2 38.51 122.82 -83.66
-50.2 38.51 122.82 -83.66
-50.2 38.51 122.82 -83.66
-50.2 38.51 122.82 -83.66
-50.2 38.51 122.82 -83.66
-50.2 38.51 122.82 -83.66
-50.24 38.51 122.7 -83.66
-50.24 40.3 122.44 -83.8
-50.3 41.53 122.08 -83.8
-50.39 42.09 121.91 -84.17
-50.65 42.13 121.7 -84.17
-50.77 42.35 121.54 -84.3
-50.87 40.99 121.4 -84.36
-50.91 39.6 121.02 -84.47
-50.91 38.94 121.02 -84.47
-51.01 38.94 121.02 -84.37
-51.01 38.85 121.02 -84.37
-51.01 38.85 121.02 -84.37
-51.01 38.85 121.02 -84.37
-51.01 38.85 121.02 -84.37
-51.01 38.85 121.02 -84.37
-51.01 38.85 121.02 -84.37
-51.01 38.85 121.02 -84.37
-50.86 38.85 120.68 -84.37
-50.89 38.7 120.6 -84.09
-50.89 38.7 121.14 -84.03
-50.89 40.05 121.35 -83.86
-50.95 40.94 121.59 -83.79
-50.93 40.95 121.7 -83.82
-50.97 40.94 121.4 -83.77
-50.96 40.67 121.43 -83.66
-50.91 40.34 121.43 -83.53
-50.91 39.88 121.43 -83.53
-50.91 39.88 121.43 -83.53
-50.91 39.64 121.43 -83.53
-50.91 39.64 121.43 -83.53
-50.91 39.64 121.43 -83.53
-50.91 39.64 121.43 -83.53
-50.91 39.64 121.43 -83.53
-50.91 39.64 121.43 -83.53
-50.91 39.64 121.43 -83.53
-50.69 39.64 121.33 -83.63
-50.57 38.99 121.22 -83.54
-50.57 38.72 121.22 -83.54
-49.93 38.72 121.2 -83.56
-49.69 39.44 121.2 -83.61
-49.69 39.69 121.12 -83.68
-49.61 39.95 120.64 -83.72
-49.61 39.55 123.33 -83.81
-49.61 38.11 123.33 -83.81
-49.61 38.11 123.33 -83.81
-49.65 38.11 123.33 -83.81
-49.65 38.61 123.33 -83.81
-49.65 38.61 123.33 -83.81
-49.65 38.61 123.33 -83.81
-49.65 38.61 123.33 -83.81
-49.65 38.61 123.33 -83.81
-49.65 38.61 123.33 -83.81
-49.65 38.61 123.33 -83.81
-49.57 38.61 124.39 -83.9
-49.57 39.87 124.38 -84.05
-49.57 40.74 124.41 -84.17
-49.54 41.51 124.05 -84.08
-49.67 42.2 123.86 -83.96
-49.66 42.87 123.73 -83.78
-49.66 42.44 123.66 -83.69
-50.14 41.24 122.17 -83.69
-50.14 40.59 122.17 -83.69
-50.14 40.59 122.17 -83.69
-50.14 40.59 122.17 -84.55
-50.14 40.13 122.17 -84.55
-50.14 40.13 122.17 -84.55
-50.14 40.13 122.17 -84.55
-50.14 40.13 122.17 -84.55
-50.14 40.13 122.17 -84.55
-50.14 40.13 122.17 -84.55
-50.4 40.13 121.1 -84.55
-50.61 39.7 120.22 -84.55
-50.61 38.5 119.94 -85.1
-50.88 37.8 119.61 -85.1
-50.87 37.45 119.37 -84.74
-50.82 37.79 119.21 -86.7
-50.82 38.89 119.24 -87.59
-50.84 39.96 119.24 -87.98
-50.84 39.21 119.02 -87.37
-50.84 38.4 119.02 -87.37
-50.84 38.4 119.02 -87.37
-50.84 38.4 119.02 -86.59
-50.84 38.4 119.02 -86.59
-50.84 38.4 119.02 -86.59
-50.84 38.4 119.02 -86.59
-50.84 38.4 119.02 -86.59
-50.84 38.4 119.02 -86.59
-50.84 38.4 119.02 -86.59
-50.84 38.4 118.78 -86.46
-50.84 37.4 118.68 -87.75
-50.84 36.48 118.74 -87.75
-50.88 35.72 120.22 -88.24
-50.88 37.04 121.31 -88.79
-51.01 38.35 120.77 -88.58
-51.14 39.1 120.36 -88.26
-51.26 39.24 120.26 -87.96
-51.26 39.35 120.26 -87.96
-51.39 39.35 120.81 -87.71
-51.39 39.48 120.81 -87.71
-51.39 39.48 120.81 -87.71
-51.39 39.48 120.81 -87.71
-51.39 39.48 120.81 -87.71
-51.39 39.48 120.81 -87.71
-51.39 39.48 120.81 -87.71
-51.39 39.48 120.81 -87.71
-51.27 39.48 121.01 -87.71
-51.32 39.78 121.22 -87.25
-51.32 40.27 121.2 -86.56
-51.32 40.54 120.94 -86.01
-51.29 40.72 120.92 -86.36
-51.29 39.22 120.83 -86.63
-51.16 38.11 120.83 -86.34
-51.16 37.57 120.83 -86.34
-51.22 37.57 120.82 -85.93
-51.22 36.93 120.82 -85.93
-51.23 36.93 120.82 -85.93
-51.23 36.93 120.82 -85.93
-51.23 36.93 120.82 -85.93
-51.23 36.93 120.82 -85.93
-51.23 36.93 120.82 -85.93
-51.23 36.93 120.82 -85.93
-51.23 36.93 120.82 -85.93
-51.23 36.93 120.82 -85.93
-51.19 36.93 120.82 -85.3
-51.21 38.37 120.64 -85.3
-51.14 39.26 120.64 -85.08
-51.31 39.06 120.45 -85.08
-51.28 39.03 120.75 -85.24
