-59.07 168.45 133.48 -96.72
-59.25 168.27 133.44 -96.7
-59.25 168.53 133.44 -96.7
-59.48 168.53 133.44 -96.59
-59.48 168.63 133.44 -96.59
-59.48 168.63 133.44 -96.59
-59.48 168.63 133.44 -96.59
-59.48 168.63 133.44 -96.59
-59.48 168.63 133.44 -96.59
-59.48 168.63 133.44 -96.59
-59.48 168.63 133.44 -96.59
-59.81 168.63 133.32 -96.59
-59.81 168.85 133.17 -96.62
-59.81 169.07 133.17 -96.62
-59.77 169.07 132.8 -96.62
-59.49 169.06 132.8 -96.59
-59.33 169.18 132.52 -96.68
-59.33 169.06 132.44 -96.57
-59 169.01 132.44 -96.41
-59 168.42 132.38 -96.31
-59 168.14 132.38 -96.31
-58.68 168.14 132.38 -96.31
-58.68 168.22 132.38 -96.31
-58.68 168.22 132.38 -96.31
-58.68 168.22 132.38 -96.31
-58.68 168.22 132.38 -96.31
-58.68 168.22 132.38 -96.31
-58.68 168.22 132.38 -96.31
-58.68 168.22 132.38 -96.31
-58.68 168.22 132.38 -96.3
-58.68 167.67 132.38 -96.3
-58.06 167.67 132.39 -96.11
-58.03 167.76 132.37 -95.82
-58.03 167.76 132.44 -95.73
-58.03 168.27 132.44 -95.73
-58.3 168.27 132.44 -95.39
-58.45 168.69 132.38 -95.29
-58.45 168.76 132.38 -95.29
-58.45 168.76 132.44 -95.17
-58.45 169.01 132.44 -95.17
-58.45 169.01 132.44 -95.33
-58.45 169.01 132.44 -95.33
-58.45 169.01 132.44 -95.33
-58.45 169.01 132.44 -95.33
-58.45 169.01 132.44 -95.33
-58.45 169.01 132.44 -95.33
-58.45 169.01 132.44 -95.33
-58.29 169.01 132.99 -95.38
-57.91 169.25 133.45 -95.38
-57.41 169.51 133.45 -95.48
-57.3 169.47 133.55 -95.47
-57.2 169.39 133.55 -95.56
-57.18 169.33 133.41 -95.44
-57.69 169.14 133.41 -95.47
-57.89 169.23 133.4 -95.53
-57.89 169.12 133.4 -95.53
-57.72 169.12 133.4 -95.65
-57.72 169.77 133.4 -95.65
-57.72 169.77 133.4 -95.65
-57.72 169.77 133.4 -95.65
-57.72 169.77 133.4 -95.65
-57.72 169.77 133.4 -95.65
-57.72 169.77 133.4 -95.65
-57.72 169.77 133.4 -95.65
-57.54 169.77 133.16 -95.65
-57.49 169.47 132.97 -95.65
-57.49 168.19 132.76 -95.64
-57.49 167.99 132.53 -95.49
-56.87 167.4 132.53 -95.41
-57.62 167.3 132.5 -95.38
-57.62 167.74 132.52 -95.56
-59.9 168.27 132.52 -94.43
-60.16 168.42 132.55 -95.71
-60.16 168.5 132.55 -95.71
-60.16 168.5 132.55 -95.71
-60.16 168.5 132.58 -95.71
-60.16 169.34 132.58 -95.71
-60.16 169.34 132.58 -95.71
-60.16 169.34 132.58 -95.71
-60.16 169.34 132.58 -95.71
-60.16 169.34 132.58 -95.71
-60.16 169.34 132.58 -95.71
-60.16 169.34 132.72 -96.57
-59.42 171.01 132.97 -96.57
-59.42 171.19 133.08 -96.71
-58.86 169.26 133.24 -96.54
-58.57 170.16 133.3 -96.29
-58.25 169.61 133.32 -96.05
-58 169.63 133.59 -96.05
-58.06 170 133.68 -95.91
-58.06 170.07 133.35 -95.94
-58.06 170.1 133.35 -95.94
-58.06 170.1 132.94 -95.94
-58.06 170.1 132.94 -95.94
-58.06 170.1 132.94 -95.94
-58.06 170.1 132.94 -95.94
-58.06 170.1 132.94 -95.94
-58.06 170.1 132.94 -95.94
-58.06 170.1 132.94 -95.94
-58.06 170.1 132.94 -95.94
-58.06 170.1 132.94 -95.94
-58.44 170.1 132.37 -96.06
-58.44 169.72 132.37 -96.06
-58.84 169.72 132.43 -96.3
-59.08 169.44 132.6 -96.25
-59.21 169.37 132.6 -96.38
-58.66 169.31 132.6 -96.43
-58.44 171.13 132.6 -96.45
-58.44 171.08 132.6 -96.45
-58.37 171.08 132.64 -96.57
-58.37 170.78 132.64 -96.57
-58.37 170.78 132.64 -96.57
-58.37 170.78 132.64 -96.57
-58.37 170.78 132.64 -96.57
-58.37 170.78 132.64 -96.57
-58.37 170.78 132.64 -96.57
-58.37 170.78 132.64 -96.57
-58.41 170.78 132.64 -96.57
-58.55 170.56 132.82 -96.56
-58.57 170.88 132.82 -96.66
-58.57 170.15 132.82 -96.65
-58.57 169.55 132.82 -96.65
-58.84 169.55 133.2 -96.29
-58.9 169.35 133.52 -96.3
-58.9 168.89 133.52 -96.3
-59.33 168.89 133.79 -95.16
-59.33 168.68 133.79 -95.16
-59.33 168.68 133.79 -95.41
-59.33 168.9 133.79 -95.41
-59.33 168.9 133.79 -95.41
-59.33 168.9 133.79 -95.41
-59.33 168.9 133.79 -95.41
-59.33 168.9 133.79 -95.41
-59.33 168.9 133.79 -95.41
-59.33 168.9 133.79 -95.41
-59.57 168.9 134.03 -95.54
-59.57 168.67 134.03 -95.54
-59.74 168.67 133.74 -96
-59.74 167.67 133.52 -96
-59.62 166.4 133.24 -95.99
-59.6 166.34 133.32 -95.82
-59.7 166.07 133.32 -96.05
-59.79 166.54 133.26 -96.15
-59.79 166.79 133.25 -96.12
-59.79 166.71 133.25 -96.12
-59.79 166.71 133.14 -96.12
-59.79 166.71 133.14 -96.12
-59.79 166.71 133.14 -96.12
-59.79 166.71 133.14 -96.12
-59.79 166.71 133.14 -96.12
-59.79 166.71 133.14 -96.12
-59.79 166.71 133.14 -96.12
-59.79 166.71 133.14 -96.12
-60.03 166.71 133.24 -96.55
-60.03 166.44 133.24 -96.55
-60.38 166.44 133.37 -96.66
-60.59 166.46 133.17 -97.08
-61.01 166.05 133.17 -96.6
-60.35 168.49 133.17 -96.06
-60.35 170.17 133.07 -95.99
-59.17 170.88 133.07 -95.89
-59.17 170.62 133.07 -95.89
-58.69 170.62 132.93 -95.89
-58.69 170.64 132.93 -95.89
-58.69 170.64 132.93 -95.89
-58.69 170.64 132.93 -95.89
-58.69 170.64 132.93 -95.89
-58.69 170.64 132.93 -95.89
-58.69 170.64 132.93 -95.89
-58.69 170.64 132.93 -95.89
-58.29 170.64 132.99 -95.03
-58.29 170.48 132.96 -95.16
-58.32 170.42 132.94 -94.22
-58.32 170.51 132.94 -95.61
-58.26 170.4 133.05 -95.19
-58.36 170.46 133.05 -95.14
-58.37 167.09 133.12 -95.04
-58.59 171.52 133.02 -94.84
-58.59 170.19 132.97 -94.71
-58.59 168.8 132.97 -94.71
-58.59 168.8 132.95 -94.49
-58.59 168.8 132.95 -94.49
-58.59 168.8 132.95 -94.49
-58.59 168.8 132.95 -94.49
-58.59 168.8 132.95 -94.49
-58.59 168.8 132.95 -94.49
-58.59 168.8 132.95 -94.49
-58.59 168.8 132.95 -94.49
-58.76 168.8 132.86 -94.99
-59.03 166.48 132.86 -96.13
-59.35 167.06 132.79 -96.46
-59.13 167.49 132.73 -96.36
-58.94 167.82 132.63 -96.36
-58.4 87.09 132.42 -96.03
-57.72 41.67 132.42 -96
-57.52 34.75 132.44 -95.88
-57.52 34.16 132.44 -95.88
-58.05 34.16 132.2 -95.88
-58.05 33.85 132.2 -95.88
-58.05 33.85 132.2 -95.88
