123.59
127.76
120.86
114.72
112.94
113.81
114.48
116.25
115.47
114.21
118.32
120.8
119.89
118.43
118.01
119.11
120.38
120.73
120.94
120.32
121.01
121.7
122.46
122.53
122.2
121.64
120.18
119.56
118.55
117.62
116.98
116.92
115.71
115.18
115.35
114.89
115.02
115.92
116.02
116.51
115.9
116.22
111.39
111.17
113.18
114.27
117.78
118.69
117.37
116.32
112.9
112.97
112.41
112.13
111.78
112.17
112.82
112.5
112.57
113.69
114.86
114.67
114.58
114.89
115.12
115.16
113.67
101.63
99.63
97.82
95.77
95.84
96.93
97.35
99.17
99.76
100.44
102.16
107.39
108.09
108.13
107.05
107.5
107.44
106.03
106.38
106.04
105.62
104.35
102.57
101.3
99.1
97.17
95.6
94.33
93.67
93.75
93.98
93.8
97.95
98.55
99.13
97.5
93.65
93.3
92.98
91.95
90.11
89.84
87.81
92.23
91.34
90.04
91.09
90.0
89.23
89.2
89.15
88.76
88.36
87.9
88.48
87.69
87.38
86.69
87.87
89.58
90.4
92.15
92.15
93.49
93.79
93.04
100.58
102.14
97.36
97.54
96.89
96.3
100.2
103.39
107.74
109.57
111.38
113.08
113.36
112.32
111.55
118.39
107.77
106.26
104.38
104.38
107.23
109.73
111.31
114.51
115.64
112.95
112.6
113.04
115.65
114.91
116.75
117.28
117.97
118.32
117.75
118.4
118.18
117.82
118.51
118.6
118.67
120.95
123.78
124.48
121.24
122.53
122.89
123.8
124.62
122.73
121.38
124.54
121.7
121.61
122.66
123.12
122.53
123.44
124.8
126.16
126.7
126.72
126.89
126.51
126.33
127.09
128.07
