90.78
90.42
89.35
92.16
91.15
89.81
90.58
90.56
89.37
88.42
87.97
90.29
92.59
91.84
92.08
92.3
91.62
91.62
91.02
93.58
95.51
96.01
94.22
92.79
93.37
94.61
94.06
94.31
94.47
92.0
89.7
88.7
88.12
90.22
90.39
88.73
88.9
91.48
91.83
93.84
93.43
93.07
91.87
91.86
90.44
88.98
87.48
85.56
85.14
86.02
85.49
86.73
84.2
85.09
85.54
85.76
85.76
86.07
86.32
86.33
85.96
84.71
86.01
83.89
83.4
83.32
82.74
83.09
85.2
86.19
86.61
85.96
83.81
82.17
85.21
86.87
86.67
86.05
85.69
84.92
85.61
85.81
85.67
84.91
84.39
84.7
78.91
58.37
59.85
59.44
62.61
67.93
73.25
76.21
77.57
79.5
81.73
82.84
83.37
84.52
84.73
85.86
85.96
86.68
86.88
87.25
88.86
88.54
87.29
87.61
87.72
88.24
89.99
92.62
92.17
91.53
92.16
91.51
91.15
90.42
89.19
89.06
89.63
89.86
90.93
92.13
91.52
91.85
58.18
91.12
87.89
84.73
81.76
79.39
78.77
77.93
79.05
80.28
80.93
81.18
81.96
82.74
82.1
83.77
82.16
81.4
81.25
82.98
82.71
84.49
85.54
87.67
88.33
90.46
90.5
87.77
90.47
89.81
91.02
89.46
87.51
85.62
86.94
86.31
85.7
86.41
86.19
87.89
88.39
89.0
88.59
88.41
88.79
88.82
87.42
86.56
85.83
86.1
85.01
85.76
86.81
85.08
84.75
86.74
86.46
88.3
86.94
90.4
88.49
88.83
86.94
87.89
89.27
87.06
88.83
88.27
86.82
83.36
82.66
81.42
