96.67
95.59
94.47
96.0
96.8
94.69
95.3
96.13
95.3
95.24
95.15
94.21
95.43
96.14
95.92
95.89
95.85
95.1
96.96
95.6
95.79
96.65
83.4
86.29
91.0
91.22
91.62
93.04
93.35
93.6
94.16
97.69
96.13
95.54
94.68
94.72
94.25
94.2
95.04
95.36
94.96
95.92
96.21
97.1
95.35
92.47
93.35
94.01
93.84
94.09
94.8
94.65
94.83
93.52
93.02
94.01
93.63
88.52
96.44
97.66
97.42
97.03
97.15
97.63
89.63
87.54
85.32
87.15
89.15
88.57
89.84
91.93
93.0
92.75
94.44
95.26
94.53
93.25
93.37
91.96
89.98
89.68
89.01
89.51
89.65
90.72
90.42
90.01
90.0
89.91
90.57
92.34
94.08
94.73
94.71
94.1
93.61
94.56
94.22
94.83
95.42
96.0
95.73
94.01
94.69
93.93
94.57
93.8
98.03
97.1
96.43
94.25
94.19
96.81
95.83
95.11
95.51
95.18
94.25
93.77
93.16
91.81
91.53
90.76
92.45
93.39
93.78
92.76
93.82
93.83
92.73
77.23
91.07
89.24
90.46
92.01
91.93
91.83
93.16
93.09
93.55
94.21
94.55
95.14
95.35
95.68
96.93
97.57
96.92
95.49
95.4
95.83
96.43
96.64
96.36
95.99
96.61
96.89
99.05
97.37
97.76
97.27
97.31
98.03
98.14
96.49
96.11
95.94
95.67
95.33
94.71
94.53
94.26
94.98
95.52
95.56
95.23
94.57
94.66
95.29
95.68
96.5
96.53
95.92
95.58
95.84
95.95
96.34
96.58
95.8
95.99
91.21
45.86
85.51
90.71
89.34
92.81
92.0
93.69
94.86
