86.85
83.85
82.11
84.49
83.91
83.34
82.01
82.52
82.77
82.5
84.31
84.89
85.45
86.62
87.55
87.25
84.78
80.66
81.4
81.67
83.6
83.57
84.23
85.08
85.01
84.82
80.62
82.67
83.08
84.03
83.98
83.87
82.87
84.58
85.95
86.63
85.53
83.68
81.82
83.21
82.74
82.6
82.89
84.35
84.59
84.23
83.33
83.25
84.2
83.33
82.34
83.58
83.16
84.05
85.01
85.84
85.96
86.41
86.74
86.05
86.12
87.44
86.82
87.37
85.72
82.93
85.47
86.47
88.98
90.62
90.6
89.17
88.06
85.69
85.63
87.67
91.03
81.66
70.85
81.34
80.32
82.1
84.77
86.07
84.2
83.26
84.16
84.12
78.69
73.55
71.09
68.21
69.64
71.27
72.87
74.47
81.98
84.37
84.17
85.47
85.35
84.22
83.31
83.57
84.25
84.6
84.56
85.16
86.15
86.3
84.47
83.11
83.94
82.69
84.22
83.99
87.42
88.51
87.92
88.15
86.84
86.77
86.3
87.07
85.68
86.24
89.33
83.38
85.82
87.6
86.49
87.59
86.85
85.97
85.5
85.28
84.92
86.69
87.39
71.16
84.38
86.44
87.2
86.01
84.8
83.84
85.45
84.49
84.04
83.75
84.83
85.6
85.1
86.12
86.19
85.54
85.88
86.52
85.91
86.12
87.02
86.7
86.3
86.33
85.79
86.42
85.52
85.16
84.51
84.39
84.13
84.94
83.27
85.42
82.55
81.47
82.21
84.32
84.98
84.21
83.47
83.17
81.81
84.17
84.75
86.25
84.72
82.68
86.75
88.18
87.95
87.15
86.53
85.93
82.91
71.87
76.87
77.5
79.35
80.62
