97.77
97.63
95.18
94.6
94.64
93.86
93.34
94.29
94.41
92.21
90.63
90.79
91.12
92.05
92.42
91.93
91.63
91.7
90.46
89.87
91.81
93.39
94.59
92.69
94.05
91.89
85.47
82.86
85.18
91.19
94.53
96.71
97.7
97.8
99.8
99.82
98.07
97.55
96.91
92.55
106.67
103.05
102.37
100.65
97.41
97.03
95.85
96.02
98.78
96.06
95.89
94.58
96.85
97.48
98.73
98.68
96.28
95.46
96.1
96.38
99.07
99.0
97.44
95.48
93.88
94.36
94.52
95.6
94.33
93.64
94.67
95.23
95.7
96.94
97.23
96.84
95.98
93.88
93.36
93.48
93.77
94.19
94.21
93.2
92.41
93.81
103.66
105.79
90.38
90.6
91.62
96.74
96.74
95.14
95.59
94.61
93.89
93.15
95.98
95.65
94.91
94.93
96.04
96.14
95.61
97.01
97.76
97.8
96.45
95.77
95.2
95.28
96.86
97.2
96.03
96.08
96.83
97.44
96.91
95.9
97.06
95.82
95.77
94.01
92.44
93.07
95.75
96.08
96.05
96.24
97.33
95.68
94.16
95.14
97.16
99.47
98.45
98.32
94.09
92.15
93.36
92.92
92.94
92.83
94.93
94.3
95.85
97.86
95.11
94.16
96.88
96.05
94.47
94.1
96.34
96.75
96.07
95.27
95.49
97.22
95.64
94.97
94.69
94.35
92.81
92.94
92.4
92.17
91.28
89.3
90.58
90.51
91.15
90.98
90.51
88.98
87.26
87.52
87.04
88.69
89.01
89.09
89.98
83.35
93.06
96.48
99.45
100.29
99.0
98.2
96.65
94.75
94.2
93.0
93.37
92.51
91.65
92.04
92.73
93.11
