92.76
93.24
94.51
94.18
94.3
93.95
93.61
93.5
91.34
91.68
92.95
93.08
93.2
93.22
93.66
94.24
94.16
93.77
93.62
93.77
93.32
93.23
94.55
95.01
94.36
94.36
94.39
94.23
93.81
92.97
93.51
94.16
94.14
94.12
93.87
94.6
93.48
93.52
93.34
92.5
92.92
93.63
93.3
93.08
93.41
94.55
94.84
94.42
92.71
93.42
93.54
93.42
92.25
92.96
93.01
92.51
92.41
92.04
91.52
91.2
93.16
93.77
93.75
93.05
93.33
93.48
93.55
93.16
93.41
93.9
93.48
93.36
93.6
94.03
94.46
93.93
93.74
94.15
93.67
93.08
92.74
92.65
93.41
92.61
92.85
91.98
92.57
92.35
91.9
92.69
92.48
91.98
91.47
93.47
93.72
93.91
94.3
93.94
93.57
94.08
93.86
93.56
93.27
93.04
92.92
92.78
92.67
93.25
93.69
94.39
94.93
94.3
93.4
92.86
93.39
93.56
94.21
94.1
93.52
93.32
93.75
93.73
93.07
92.29
91.67
90.96
91.8
91.92
91.6
90.5
90.69
91.04
91.47
91.3
91.24
91.1
91.37
91.66
92.76
92.6
92.84
92.86
91.23
91.95
92.59
93.24
93.48
94.48
95.16
95.29
94.54
94.32
94.23
94.27
94.37
94.7
94.93
95.52
95.76
95.96
96.34
96.56
96.47
96.9
97.14
96.18
95.05
94.99
95.31
94.23
94.29
94.53
94.9
94.56
94.43
94.36
94.69
94.02
93.71
93.6
92.81
93.19
93.58
93.67
91.61
92.17
92.88
93.54
93.72
94.89
95.43
95.23
93.94
93.37
93.61
93.62
94.22
94.5
94.29
95.19
