89.25
89.05
89.31
89.23
90.01
89.65
89.32
88.34
88.93
90.85
90.83
91.84
90.93
90.39
89.21
90.06
90.59
90.79
90.47
89.71
89.03
89.2
89.57
89.57
87.77
87.61
88.31
89.17
89.8
90.83
89.61
88.97
88.98
91.85
92.28
91.8
92.05
92.93
93.24
92.0
92.08
90.88
88.02
87.49
87.53
89.47
89.92
89.79
89.9
90.21
90.82
91.12
91.77
92.01
91.82
90.94
90.44
90.29
90.45
89.21
89.6
90.4
90.83
91.23
90.17
90.34
90.01
90.29
90.58
90.81
89.17
89.14
89.04
89.37
90.76
88.26
86.82
86.06
84.43
84.31
90.21
90.44
89.24
89.38
88.91
88.48
87.49
87.47
88.03
87.41
87.33
88.34
88.28
88.33
88.91
88.93
87.99
88.34
88.56
88.7
93.14
92.3
89.31
86.91
86.52
86.46
87.45
87.89
87.96
88.5
88.65
88.52
88.8
88.61
90.81
88.9
87.2
86.73
87.38
88.93
89.7
89.7
90.33
90.48
90.04
90.26
90.96
91.75
90.94
91.07
91.82
91.48
90.78
90.63
91.57
90.92
91.03
90.6
89.37
88.98
88.84
88.91
89.47
89.69
89.03
99.65
97.36
92.04
89.52
87.67
88.22
90.03
90.17
89.83
89.24
89.53
90.37
89.55
88.98
88.4
88.85
88.83
88.44
87.89
87.72
88.33
88.32
86.8
86.34
87.04
88.12
89.06
87.58
86.37
86.51
87.75
87.17
87.14
88.21
88.85
90.18
87.71
87.77
87.9
88.11
88.81
89.58
90.48
90.21
90.11
89.21
90.1
90.38
92.19
90.97
90.38
90.65
95.08
94.15
93.51
