-83.83
-84.31
-84.5
-84.34
-85.5
-84.71
-84.4
-83.74
-82.92
-82.97
-83.55
-80.27
-81.11
-81.7
-82.72
-83.61
-83.94
-84.25
-85.03
-84.78
-84.69
-83.89
-83.82
-84.23
-82.98
-82.69
-82.83
-83.07
-81.65
-81.28
-81.17
-81.13
-82.58
-82.42
-82.32
-82.74
-82.01
-83.94
-85.53
-84.62
-85.11
-84.68
-84.48
-84.22
-84.54
-85.24
-83.94
-82.89
-82.81
-83.18
-83.22
-83.08
-83.52
-89.14
-83.77
-84.4
-85.11
-85.05
-84.88
-84.16
-83.51
-83.58
-83.29
-83.79
-84.57
-84.86
-83.34
-81.86
-81.16
-81.84
-83.19
-83.28
-83.11
-83.65
-84.38
-84.72
-85.23
-86.85
-87.98
-87.21
-86.2
-85.59
-84.63
-83.81
-84.78
-83.89
-80.26
-79.18
-81.76
-83.57
-84.38
-77.84
-85.25
-84.59
-83.53
-82.24
-82.39
-81.6
-88.82
-86.89
-83.51
-81.15
-84.43
-82.98
-82.37
-82.17
-84.29
-84.48
-86.4
-88.65
-82.64
-83.28
-82.37
-82.56
-83.65
-82.28
-84.34
-84.76
-85.49
-85.26
-84.79
-84.4
-84.4
-82.22
-79.04
-77.88
-77.63
-78.95
-79.01
-80.81
-82.34
-83.04
-84.7
-81.76
-82.04
-82.35
-82.08
-82.43
-78.21
-79.22
-82.95
-83.16
-82.06
-82.57
-83.32
-84.1
-83.6
-83.34
-84.06
-80.05
-80.51
-81.92
-82.16
-82.92
-84.17
-84.29
-83.79
-84.17
-83.42
-83.16
-83.65
-82.41
-83.7
-85.45
-76.56
-81.24
-81.56
-82.04
-82.85
-83.09
-83.23
-82.69
-83.17
-83.27
-83.37
-82.76
-83.77
-82.71
-82.18
-82.33
-82.55
-80.76
-81.01
-81.42
-82.12
-81.94
-80.07
-86.0
-84.7
-82.59
-80.03
-80.35
-78.97
-74.18
-74.77
-74.51
-77.37
-77.88
-78.45
-79.63
