-87.77
-91.32
-89.95
-88.26
-98.98
-92.05
-91.4
-89.32
-88.45
-88.35
-87.48
-88.63
-90.21
-90.57
-90.22
-90.77
-90.92
-91.0
-91.0
-90.01
-90.16
-90.72
-89.52
-89.23
-89.44
-87.06
-88.54
-90.25
-90.77
-90.54
-90.71
-90.04
-89.81
-92.89
-89.7
-90.45
-90.06
-90.23
-88.67
-88.57
-88.57
-95.05
-95.5
-95.19
-92.9
-92.39
-91.14
-91.4
-88.49
-91.02
-90.19
-89.81
-89.92
-89.72
-90.04
-90.57
-92.0
-93.02
-89.09
-89.11
-89.71
-89.42
-91.18
-90.61
-89.92
-89.61
-90.28
-98.34
-93.7
-92.3
-90.78
-88.56
-88.7
-88.7
-87.76
-90.76
-90.98
-90.56
-91.64
-91.16
-85.65
-88.99
-88.19
-88.08
-91.21
-92.54
-91.59
-92.75
-92.73
-90.72
-89.9
-89.64
-89.05
-88.74
-91.98
-94.61
-91.86
-90.94
-89.87
-89.69
-89.87
-90.17
-89.35
-89.07
-90.87
-90.91
-90.94
-90.56
-89.51
-89.26
-87.93
-91.0
-91.6
-91.84
-91.06
-90.63
-91.08
-89.98
-89.55
-89.21
-89.06
-89.28
-89.28
-88.47
-89.18
-89.63
-89.02
-89.03
-89.27
-89.07
-86.42
-86.36
-87.4
-88.09
-84.85
-85.38
-87.67
-87.53
-91.09
-89.66
-89.13
-89.04
-91.44
-89.18
-88.9
-88.45
-88.68
-88.69
-88.4
-88.19
-86.85
-87.85
-89.44
-90.33
-91.13
-90.53
-91.11
-89.23
-88.72
-88.07
-88.18
-85.43
-88.17
-88.69
-92.92
-87.76
-89.9
-91.09
-90.48
-89.79
-88.25
-92.78
-89.76
-89.76
-89.52
-89.45
-89.23
-90.49
-89.42
-88.44
-88.32
-88.01
-86.8
-87.47
-87.64
-89.07
-88.38
-88.51
-87.94
-86.48
-86.21
-87.76
-89.68
-89.61
-89.71
-92.7
-91.0
-91.65
-92.42
-90.29
