82.51
81.03
83.47
85.48
87.27
86.4
86.2
86.89
84.4
83.97
83.29
84.16
84.42
81.76
81.39
82.98
83.5
82.85
84.29
84.16
83.63
81.05
80.06
79.47
80.36
82.22
82.73
82.81
83.03
82.35
81.06
79.42
79.58
81.02
80.52
79.57
80.45
79.1
80.21
81.97
82.46
80.83
81.45
80.55
80.09
79.31
79.48
79.22
89.35
85.94
80.96
81.43
82.9
84.84
83.24
82.42
81.03
81.39
82.28
83.14
83.15
83.1
84.32
79.91
78.72
77.54
75.9
78.4
78.9
79.53
79.66
78.48
79.62
79.63
78.94
79.07
79.47
80.42
81.99
79.95
79.34
80.3
81.73
79.84
79.96
80.52
76.75
75.6
73.81
75.37
78.59
78.2
79.05
78.45
77.77
77.07
76.15
82.3
79.13
77.05
77.38
77.66
75.86
75.05
76.07
77.33
77.05
77.5
78.4
79.18
80.26
81.07
80.92
79.97
79.8
80.87
80.38
79.85
80.69
81.45
80.49
80.99
79.08
78.51
78.43
79.52
78.59
78.06
79.83
80.64
81.57
78.5
82.83
77.74
76.06
76.47
78.77
74.56
76.47
75.74
78.58
66.38
71.09
73.93
73.89
77.18
84.75
82.82
83.29
83.55
84.33
84.7
84.91
84.72
85.1
83.64
79.16
73.5
77.18
82.84
82.24
84.07
85.69
86.35
87.57
87.87
87.19
85.54
87.87
84.89
82.84
81.82
80.87
79.16
78.46
80.45
81.61
81.28
79.79
78.73
80.04
81.18
81.97
80.87
82.03
83.09
82.82
83.19
83.17
83.11
83.39
83.41
83.45
84.0
83.58
83.36
83.86
84.38
83.61
80.11
