80.54
89.72
89.36
89.27
90.46
90.28
88.5
86.25
86.18
85.94
87.18
87.4
87.51
87.45
86.91
88.07
89.24
88.91
88.07
86.68
88.32
87.64
88.29
88.9
89.73
89.29
85.87
85.94
86.38
86.35
85.58
85.73
91.95
90.56
89.62
87.39
85.77
84.63
84.55
85.38
86.19
85.65
91.77
91.48
90.09
90.38
91.81
91.56
88.12
83.94
89.28
84.4
79.19
82.44
83.53
86.21
88.87
92.63
92.88
94.87
79.84
82.26
86.39
87.97
90.48
85.97
85.31
85.81
86.29
86.83
87.91
88.49
88.71
84.22
67.68
59.88
79.28
93.72
95.38
83.89
85.13
81.42
79.49
76.23
77.82
76.13
69.94
62.19
65.3
70.29
72.96
74.71
84.65
85.58
84.44
83.67
88.71
83.94
92.26
90.24
88.46
88.94
89.04
91.15
89.26
88.87
88.02
86.06
84.0
84.47
86.94
82.96
77.04
67.89
74.49
76.36
75.77
74.31
74.1
75.76
75.7
75.18
76.98
88.84
94.83
92.88
90.64
87.2
86.96
86.36
88.81
91.71
91.45
88.18
87.53
86.72
86.28
87.11
82.97
82.18
84.18
88.66
92.36
90.28
89.33
89.32
88.81
100.39
99.75
98.93
96.68
90.54
87.75
88.4
88.18
87.55
80.99
79.37
78.97
78.63
81.16
83.73
84.23
83.81
85.49
85.4
85.11
86.12
87.78
88.4
89.15
89.97
89.64
91.0
91.42
90.11
91.78
92.18
88.93
90.08
91.83
89.2
87.98
87.03
91.92
88.22
87.67
95.03
92.46
90.56
92.01
95.8
93.87
93.75
93.65
92.27
89.81
90.2
87.12
87.29
