31.83
32.5
32.39
29.76
30.87
32.43
30.78
32.11
32.73
33.46
33.8
32.37
33.29
34.34
34.18
32.26
31.86
31.13
31.19
30.99
30.53
30.92
33.35
31.94
31.23
29.56
24.22
28.49
31.33
32.87
31.65
31.02
31.92
31.79
33.77
30.88
30.39
31.53
31.19
30.22
29.32
29.27
29.31
30.45
30.61
30.22
29.45
29.03
30.97
31.01
29.96
30.21
30.7
29.42
29.9
31.46
31.37
31.16
28.23
33.43
34.63
25.59
27.88
27.66
26.97
27.48
29.59
30.81
31.58
30.36
28.48
29.51
30.78
31.12
32.75
33.36
33.68
33.18
34.91
34.9
34.32
33.29
32.03
31.77
30.8
30.0
30.65
29.12
21.94
26.15
26.56
27.6
28.21
29.48
29.81
30.18
30.09
30.67
31.96
31.58
31.39
30.4
28.95
28.34
28.33
29.38
29.91
29.47
29.43
29.91
30.21
29.69
29.48
30.63
29.38
30.54
32.27
33.0
33.12
33.99
35.41
35.97
35.39
35.21
35.34
36.67
38.65
30.54
29.45
29.14
30.41
30.85
31.3
32.33
32.54
31.21
31.95
29.88
29.31
29.02
28.82
29.85
29.27
33.39
34.55
32.36
31.7
33.96
32.99
31.79
31.13
29.72
30.71
32.18
33.18
32.97
32.93
33.93
34.21
33.9
33.52
32.95
30.58
29.88
31.73
31.17
31.46
32.41
34.0
32.93
30.1
29.97
27.17
27.81
27.93
27.35
28.24
28.85
30.74
32.01
33.67
33.58
34.39
34.86
34.66
34.3
36.63
34.98
32.71
33.59
32.92
32.62
30.45
30.56
28.5
28.46
30.21
29.74
28.26
28.25
