105.77
104.93
105.9
105.99
106.22
106.13
106.34
105.64
106.21
106.23
107.37
97.04
93.81
93.49
104.85
109.09
109.76
109.09
108.38
106.86
106.62
107.95
108.41
108.75
107.49
102.58
109.16
111.69
111.91
111.24
108.8
112.19
112.15
110.57
109.3
109.11
109.21
109.05
109.03
108.47
109.42
109.23
109.39
108.49
102.95
111.16
112.42
112.73
109.69
109.67
109.57
109.39
109.61
109.23
109.78
110.1
105.61
105.05
109.66
107.72
107.8
108.55
108.13
108.93
109.5
109.47
108.62
107.76
105.76
106.49
107.27
107.93
108.0
108.48
108.94
108.75
109.3
110.14
110.5
110.67
110.74
109.13
108.39
107.85
107.61
107.6
110.6
108.21
108.0
107.89
107.79
108.47
109.24
109.36
109.33
108.88
109.1
103.69
112.23
111.94
109.89
109.11
109.16
109.39
109.42
109.12
110.41
111.41
110.83
110.68
161.89
141.75
151.85
119.68
114.34
111.07
111.24
110.25
110.03
110.29
110.5
110.44
110.59
110.47
108.87
103.35
108.73
107.06
107.34
108.44
109.35
107.25
105.33
106.39
106.18
105.36
106.73
106.56
108.55
110.12
109.88
109.48
109.33
109.31
106.72
109.09
109.17
107.54
91.49
87.12
78.93
87.78
88.23
89.14
94.4
101.22
101.93
102.02
102.36
103.67
103.57
103.3
105.93
107.43
107.32
106.99
107.15
108.86
108.79
109.24
107.93
108.21
107.27
106.53
107.39
109.9
109.28
113.77
117.2
116.49
116.46
115.89
114.8
113.73
114.51
113.81
112.7
113.39
112.4
111.78
111.23
111.21
110.23
109.88
106.52
111.65
110.43
108.24
108.3
108.66
