97.26
97.92
98.1
98.05
97.41
97.21
97.15
98.32
97.89
97.23
95.19
94.47
94.73
95.09
95.13
95.48
95.08
95.0
94.95
95.04
94.42
94.2
93.72
91.22
95.96
98.35
96.22
94.71
94.99
94.68
84.02
73.27
76.79
79.91
87.35
94.0
96.13
95.06
96.18
96.55
96.33
95.75
96.57
96.04
94.51
93.53
92.72
90.49
87.3
86.59
88.98
92.61
93.97
93.97
91.68
91.38
90.31
91.94
90.84
92.97
94.25
94.63
93.63
93.02
94.22
93.63
93.26
92.56
93.41
92.5
92.67
91.31
91.31
92.93
95.12
94.27
94.78
93.32
93.45
93.64
93.64
93.47
86.96
94.84
92.24
93.29
94.66
96.16
95.64
95.17
96.89
96.44
97.01
98.73
98.78
97.96
97.38
96.46
97.11
84.09
86.79
87.45
89.44
88.89
92.27
91.29
92.47
91.79
91.29
94.24
93.23
93.05
93.12
93.44
92.86
93.13
93.65
94.83
95.49
95.27
93.76
93.07
93.07
92.79
85.12
80.67
80.64
85.59
88.31
91.84
93.16
100.56
99.94
98.0
99.72
97.89
96.44
93.53
96.73
95.07
92.99
92.73
91.47
91.17
92.98
93.54
93.35
94.27
94.62
94.63
95.5
95.86
95.86
96.64
99.3
96.51
98.9
97.17
92.54
91.41
91.69
88.79
-80.49
-85.59
93.59
93.78
97.53
100.93
97.9
96.36
92.37
90.32
79.58
95.28
94.43
90.28
88.84
88.49
89.37
90.07
91.08
92.24
91.3
91.07
91.46
91.45
92.58
92.98
93.32
93.32
91.98
92.75
94.62
95.23
95.09
93.41
95.29
98.9
94.98
90.07
