80.33
88.25
99.84
102.34
97.66
95.74
92.92
92.85
91.19
84.7
90.29
91.2
90.85
90.26
93.19
95.93
98.63
99.95
98.5
99.36
100.6
101.8
102.3
102.93
102.97
102.12
102.42
101.72
92.73
93.5
91.98
94.68
100.8
96.08
96.33
102.59
101.61
98.28
97.65
97.63
98.57
98.13
96.98
97.8
100.1
100.58
85.12
83.4
86.55
92.35
94.63
95.54
97.02
99.66
100.74
101.4
102.03
101.47
101.79
101.52
100.74
95.08
103.32
95.5
101.36
100.76
100.92
101.36
100.6
100.52
100.15
100.08
100.44
100.52
101.61
102.13
102.02
100.43
99.84
100.51
100.78
100.63
100.18
100.75
95.8
100.9
100.03
100.08
101.38
101.45
101.04
100.55
100.67
100.65
99.49
98.46
98.35
98.47
99.13
98.56
97.94
97.46
97.03
96.49
96.38
96.83
96.55
96.15
98.51
99.47
105.11
104.91
104.08
103.77
102.51
91.21
101.16
103.7
102.91
100.24
99.85
98.88
99.7
99.29
98.28
96.33
98.25
98.68
98.81
100.0
100.82
101.36
101.38
99.77
99.32
99.16
98.29
97.32
96.92
97.62
96.87
95.59
93.57
94.03
95.42
97.44
97.28
97.23
97.48
97.22
97.1
97.28
98.25
98.38
98.28
97.92
97.42
97.48
98.34
98.06
97.82
97.85
98.49
98.89
99.47
99.94
100.03
99.06
103.05
103.06
100.86
96.83
96.58
91.9
72.64
84.97
101.44
101.82
103.14
99.79
103.73
104.44
104.56
104.93
103.97
103.17
102.41
101.27
100.1
105.67
105.05
102.22
102.43
103.06
103.57
102.8
100.51
99.13
100.1
100.31
