100.27
100.29
100.39
100.81
100.93
100.68
100.79
101.08
101.04
100.74
100.17
100.03
100.4
100.1
98.72
98.02
99.28
98.76
98.06
98.51
98.45
98.25
98.21
98.02
98.12
98.55
99.81
99.99
100.06
99.79
100.14
100.36
100.6
100.69
100.45
100.34
101.19
100.53
101.9
102.76
101.75
101.66
99.04
100.17
99.98
99.82
98.99
100.76
101.93
100.75
100.72
100.78
102.14
103.02
100.82
101.12
100.7
100.47
101.81
98.54
101.77
101.37
101.23
101.83
102.76
103.04
103.15
102.62
102.11
102.39
102.25
102.0
101.96
102.46
102.98
103.03
102.53
99.46
103.64
102.91
101.91
100.4
99.39
100.69
101.44
101.2
101.55
98.97
99.47
99.38
99.58
101.16
101.29
101.31
101.15
100.56
100.53
100.67
100.67
100.36
101.06
101.06
101.47
101.94
101.94
101.25
101.27
101.37
101.73
100.76
102.07
101.11
99.77
99.44
100.49
104.28
103.05
102.14
101.2
100.49
98.96
98.82
99.09
100.11
100.98
103.55
103.41
102.44
102.0
102.13
102.25
101.34
101.16
101.3
100.98
100.7
100.61
100.7
100.91
100.58
100.67
100.59
101.5
101.19
101.17
101.08
101.15
101.19
102.28
101.6
100.48
101.26
101.09
100.48
100.61
101.76
102.13
101.62
101.35
101.44
101.7
99.34
98.48
100.1
100.0
100.33
102.63
102.48
102.03
100.69
101.32
100.45
99.84
100.21
99.75
99.29
99.66
98.66
102.41
101.53
101.61
100.6
101.0
100.73
100.15
100.84
101.49
101.6
101.05
101.96
100.72
102.12
102.58
103.12
102.1
102.71
102.04
101.8
106.32
104.96
