103.53
103.69
101.44
101.17
100.13
103.93
104.26
105.24
105.53
103.93
102.91
103.05
103.03
102.73
102.73
105.61
105.69
104.52
104.12
103.58
104.18
106.26
106.12
105.18
104.63
104.54
103.93
103.81
103.94
103.52
103.45
103.58
103.29
106.1
105.85
106.78
110.4
110.73
110.44
111.14
110.37
109.58
109.93
106.44
105.57
104.19
100.29
102.35
101.83
99.16
99.63
101.29
102.5
102.23
102.09
100.63
100.02
105.15
106.16
106.76
106.33
99.38
106.3
105.91
105.16
105.02
102.45
102.88
102.13
102.63
103.26
103.5
103.44
103.55
104.42
104.77
103.86
104.96
104.15
104.48
104.79
104.67
104.65
106.2
106.06
106.31
106.62
106.66
107.67
106.91
106.42
94.25
94.76
100.23
101.09
100.47
98.48
99.79
101.17
102.08
102.72
102.72
103.2
103.2
103.36
103.42
103.13
105.28
105.11
104.23
104.14
103.5
103.53
103.25
102.89
103.12
103.88
104.33
104.61
105.15
106.22
106.12
106.12
105.18
105.18
105.22
104.93
104.79
103.61
104.2
106.1
104.36
104.79
103.94
103.14
101.14
100.57
99.94
99.35
99.4
100.04
100.44
99.04
100.77
106.3
101.8
100.77
102.2
103.29
103.72
104.18
104.12
104.35
104.76
102.44
103.1
105.01
105.06
105.6
104.92
104.51
104.95
105.39
105.87
105.49
105.25
104.06
103.62
103.27
103.42
103.07
103.16
104.23
104.6
104.96
105.72
105.89
105.97
105.77
105.78
106.21
105.76
104.67
104.19
104.05
103.84
103.79
103.99
104.1
104.49
104.81
104.36
107.32
111.29
111.16
111.98
110.45
110.18
108.63
107.2
