91.75
91.21
90.47
91.09
90.35
91.51
89.39
88.24
89.24
89.19
89.26
88.91
88.35
87.86
87.87
87.96
88.71
88.64
88.2
86.54
86.02
85.28
85.94
86.59
87.04
86.97
86.48
85.87
84.83
83.44
86.6
83.59
82.77
82.98
81.83
80.65
79.7
74.28
74.81
78.53
80.65
80.12
81.95
84.29
84.35
83.96
81.91
82.81
84.04
83.89
81.59
80.74
80.67
80.57
79.94
78.2
80.02
78.21
76.45
75.08
74.45
75.31
75.86
77.0
78.21
78.53
78.02
78.76
78.36
78.36
79.15
78.45
82.86
83.81
86.14
81.6
59.03
70.67
74.73
78.98
79.71
78.0
77.62
80.62
82.26
82.82
83.57
83.77
84.12
90.49
99.58
100.32
98.94
100.75
100.02
99.03
97.87
97.24
97.25
96.09
94.87
95.22
95.35
95.58
95.58
96.71
95.42
95.42
91.02
90.19
91.5
91.57
92.0
91.63
92.43
92.5
92.49
94.09
94.75
93.6
97.18
98.07
99.47
99.92
99.66
98.82
98.8
97.3
97.01
95.94
98.57
95.36
98.8
95.57
97.16
92.99
94.16
94.14
94.9
94.9
98.36
93.77
90.87
94.32
97.4
98.41
97.32
99.7
101.2
100.23
98.12
97.77
97.72
98.38
98.55
99.31
97.67
96.33
97.41
97.64
96.78
96.52
96.85
96.77
96.13
96.15
96.62
90.3
95.53
96.18
101.1
96.85
97.89
96.18
95.09
95.52
96.63
96.67
96.64
97.75
98.68
98.6
97.26
97.88
91.6
91.75
93.44
94.77
97.42
98.7
99.66
98.43
96.36
97.45
97.34
94.97
94.15
94.28
94.91
95.25
