100.36
101.31
99.81
99.34
100.01
99.76
99.9
97.71
94.72
95.94
99.28
99.52
98.69
98.46
98.43
97.73
97.8
97.62
97.61
97.8
99.38
100.9
102.13
102.49
99.82
98.21
99.77
102.43
99.0
98.66
98.69
99.95
99.8
98.85
96.98
96.52
96.57
97.46
96.9
96.57
97.39
97.86
97.79
97.41
97.46
96.98
96.63
95.89
96.06
96.91
96.91
95.98
96.81
96.07
96.61
95.8
96.54
96.95
97.51
97.46
95.45
96.36
97.61
98.41
98.3
98.18
98.39
98.57
98.01
97.7
98.25
98.27
98.26
98.51
97.99
97.93
97.32
97.59
97.79
98.22
98.37
97.7
98.18
97.63
97.28
98.43
97.93
98.43
97.63
97.63
96.54
96.54
96.16
95.97
95.93
95.87
95.68
94.93
94.52
95.26
95.43
96.05
96.37
96.73
95.4
95.17
95.33
96.14
97.04
96.81
98.47
99.61
100.32
98.57
99.35
98.66
96.37
95.31
95.78
95.78
95.83
95.82
92.41
89.49
89.92
91.68
91.68
91.66
93.62
93.9
93.87
93.87
93.72
93.71
92.89
91.66
92.0
93.11
93.62
94.59
94.67
94.56
95.12
95.18
95.56
94.06
94.71
93.9
94.22
96.21
96.14
95.23
94.76
94.97
94.39
94.73
95.32
94.59
95.32
96.56
97.97
96.69
96.69
96.14
96.77
96.68
96.91
96.9
96.21
96.14
96.26
95.82
93.74
93.49
93.97
94.62
95.16
94.83
94.77
97.89
96.85
96.89
96.15
96.2
95.48
94.05
94.71
95.82
97.35
97.33
99.09
99.44
100.0
99.52
98.5
99.01
98.77
96.36
96.26
96.56
