86.09
86.29
86.46
87.15
89.01
90.06
88.3
87.1
87.29
87.53
86.6
88.72
87.49
85.47
86.81
87.2
88.54
86.57
87.61
89.13
89.04
90.47
91.45
88.94
89.09
88.76
91.46
92.49
93.43
93.8
92.36
85.3
86.21
88.42
85.71
82.27
81.52
82.78
83.16
84.2
82.66
83.4
84.37
84.86
85.25
83.91
84.17
81.54
79.76
78.86
81.56
83.86
84.48
85.26
93.62
92.92
92.51
86.78
87.3
85.91
84.03
86.08
88.5
88.82
89.29
90.73
90.51
89.63
88.26
88.3
89.09
89.16
88.98
89.3
88.77
88.88
89.44
90.35
92.07
92.04
82.73
89.53
89.36
88.65
89.55
91.41
89.8
90.74
89.87
88.42
86.13
87.74
88.07
90.03
95.72
92.58
92.84
92.63
91.72
92.53
94.14
95.39
96.28
95.0
95.02
95.83
94.08
92.86
90.15
90.85
92.01
93.11
94.31
90.43
91.99
93.95
92.8
92.87
92.96
93.16
93.52
93.99
94.39
94.67
96.08
94.74
95.19
92.82
90.31
89.81
90.36
90.97
92.16
92.2
90.91
93.4
93.4
95.38
94.9
92.02
92.76
90.84
91.02
90.13
77.39
82.53
83.32
84.8
86.66
87.1
88.59
90.6
86.15
86.38
85.67
84.9
85.49
86.1
87.9
89.53
90.08
83.85
86.38
89.72
90.06
88.02
88.76
86.6
85.8
85.5
85.57
87.36
87.88
86.67
87.79
89.19
87.06
88.25
88.76
88.2
87.21
85.92
86.91
87.83
88.5
86.7
88.49
87.67
88.92
88.4
86.37
87.76
87.98
88.73
89.9
88.73
86.25
85.46
84.94
83.98
