82.77
88.0
88.0
92.55
91.66
92.74
95.14
94.3
91.24
90.93
92.5
105.23
92.11
90.3
89.49
97.8
96.03
94.22
97.45
94.53
94.68
95.56
95.92
95.52
90.15
85.04
88.44
92.05
92.4
91.09
92.77
93.15
97.87
99.09
93.79
91.55
90.07
94.51
94.35
95.11
94.59
95.39
97.37
99.0
98.22
95.45
98.24
94.64
94.47
82.25
82.25
94.59
98.47
98.65
99.56
98.49
97.64
83.29
94.4
101.81
98.74
98.75
100.58
102.04
101.51
101.64
102.09
102.79
103.96
103.02
101.05
102.56
104.37
103.69
101.58
98.06
94.7
98.03
99.01
98.16
100.01
101.89
97.56
99.45
96.84
101.72
102.09
103.07
103.16
101.17
100.53
99.25
99.17
99.67
99.38
96.47
96.13
94.24
96.17
96.23
89.46
90.72
92.36
91.92
90.62
89.52
90.74
92.23
92.78
95.59
92.25
94.44
95.15
94.41
95.75
96.75
97.14
98.03
95.62
94.92
94.09
93.37
104.3
94.79
100.01
95.89
93.08
92.85
96.6
94.21
93.36
95.4
96.34
96.91
95.41
95.32
96.27
95.64
95.01
95.53
96.44
95.49
96.53
95.36
91.99
90.6
92.48
92.55
94.21
95.54
96.53
95.51
94.69
95.67
93.99
96.19
95.13
97.28
100.11
85.89
84.68
86.17
89.43
87.13
86.29
89.76
94.32
93.75
96.08
94.82
94.67
95.68
97.09
98.86
101.43
103.18
102.32
101.23
99.3
98.61
96.9
97.8
95.57
95.37
97.18
98.72
100.32
101.36
97.19
96.86
91.57
95.99
97.03
95.35
95.65
95.0
95.53
91.03
90.88
91.94
