94.80
94.38
94.34
94.45
96.03
96.89
96.6
96.3
96.46
95.71
92.71
91.48
97.49
97.91
95.78
96.8
96.9
96.45
96.34
96.37
96.48
95.75
95.0
94.88
96.64
98.36
98.08
97.87
97.73
97.79
96.95
98.83
97.04
96.85
96.99
98.99
97.88
97.88
99.4
99.75
100.29
99.79
99.35
98.47
99.14
99.23
98.58
97.31
96.56
96.5
95.87
96.76
96.15
95.62
94.97
95.89
96.93
97.78
98.66
99.32
99.26
98.47
99.03
96.67
96.58
97.33
97.64
97.08
95.8
96.96
98.51
98.03
98.03
96.64
96.76
97.07
96.34
95.65
95.9
95.24
96.17
97.75
98.06
98.55
98.76
98.15
97.54
97.04
95.92
96.74
96.92
95.82
95.72
95.24
95.38
96.49
98.47
96.78
96.77
97.22
96.93
96.06
97.23
99.88
99.57
97.69
96.0
96.16
96.68
96.7
93.45
98.01
97.34
96.09
96.66
97.74
97.49
97.28
97.23
96.19
96.93
97.82
97.06
96.29
96.25
95.99
96.15
96.02
98.1
98.01
96.77
95.56
95.15
95.07
95.33
95.81
96.3
97.11
97.29
96.7
96.65
98.53
102.53
100.73
99.77
98.58
98.62
97.56
97.16
95.19
95.36
96.03
95.23
95.23
97.16
98.13
97.83
97.4
97.61
96.39
96.52
96.58
96.98
97.18
97.43
93.17
92.34
95.12
98.05
99.33
99.12
97.28
96.88
97.21
97.71
97.88
96.31
96.15
97.09
96.86
97.56
97.58
96.72
96.65
96.45
96.35
96.59
96.16
96.16
98.18
97.95
98.75
99.11
98.91
99.48
98.43
100.35
99.25
99.23
98.79
