34.06
33.14
32.46
41.92
40.08
36.8
32.14
32.26
32.72
36.64
27.45
29.78
30.65
30.84
31.26
29.99
33.98
32.97
32.59
33.07
32.17
34.36
30.73
31.53
30.76
31.66
32.22
34.58
32.73
33.51
34.22
33.84
32.34
30.68
32.0
33.99
33.08
33.94
32.59
33.09
32.6
31.69
31.32
32.96
33.14
33.63
31.86
30.19
30.52
30.47
31.09
32.35
36.05
34.77
33.51
32.48
30.69
31.64
31.94
32.56
32.13
33.9
36.07
34.7
34.45
34.64
31.8
33.46
34.51
34.37
33.57
33.91
40.26
33.59
34.51
35.9
35.21
35.07
33.54
32.77
37.82
35.36
35.79
35.0
36.71
30.49
31.89
32.71
32.93
32.18
33.59
30.28
30.86
30.77
31.86
32.87
32.0
32.1
31.62
32.7
35.8
35.32
30.92
30.63
31.18
31.04
29.79
30.57
33.41
35.58
34.33
33.24
31.52
32.07
32.01
31.5
32.43
33.15
33.28
30.32
34.62
33.36
36.06
40.23
34.74
34.67
35.1
35.5
35.57
35.24
37.21
34.19
36.06
36.06
30.59
31.56
29.29
27.99
28.95
31.19
35.0
35.34
34.2
35.32
34.47
39.31
36.78
32.58
32.31
34.14
32.22
32.14
33.66
33.57
38.0
32.9
33.56
33.93
33.5
34.17
40.03
36.37
35.55
35.13
32.91
34.94
32.03
33.35
33.52
34.04
32.34
32.82
32.31
31.17
31.05
31.19
31.26
32.06
35.32
34.47
36.64
35.51
34.63
33.67
32.78
31.59
34.12
32.58
32.56
31.21
30.66
31.81
31.0
32.15
35.14
37.62
35.4
31.82
32.8
31.25
