95.97
94.58
93.91
93.72
93.74
93.48
92.63
92.64
93.92
94.81
93.73
92.49
92.96
92.38
91.83
91.08
91.16
90.57
93.68
99.1
99.1
100.0
99.75
100.41
99.96
99.83
99.67
98.19
98.3
98.04
97.55
97.48
96.96
96.9
97.3
97.89
98.33
97.71
97.47
95.65
95.18
97.89
98.29
97.97
97.05
96.98
96.84
97.33
98.56
98.56
97.15
96.29
95.89
95.49
95.27
99.02
100.45
100.41
93.42
92.59
91.02
91.12
91.71
92.16
92.66
92.78
91.73
91.29
91.85
92.7
92.41
92.54
92.39
92.56
94.41
95.09
95.18
92.33
91.42
92.45
91.76
91.66
91.94
92.65
93.06
93.46
93.74
92.76
89.63
88.68
88.91
90.54
91.46
92.21
92.84
92.57
92.92
94.02
94.4
95.06
94.98
94.84
95.66
96.36
96.36
96.86
97.09
96.5
96.37
96.57
96.23
96.21
98.43
98.29
97.79
97.77
97.77
98.17
98.28
95.15
94.68
94.01
92.97
92.46
95.52
93.71
92.27
92.79
93.62
94.28
94.19
93.19
93.32
93.73
93.33
93.68
93.88
94.04
94.18
94.32
92.06
95.46
96.26
96.71
96.57
96.9
96.47
96.77
97.36
97.39
97.21
98.1
98.08
98.55
99.04
98.46
97.46
97.13
96.47
96.56
95.84
97.4
98.19
98.0
98.48
97.58
97.81
97.48
94.33
96.08
97.46
95.6
94.86
95.48
99.4
97.08
95.04
94.2
93.26
93.54
93.79
93.96
94.23
93.97
94.6
95.6
93.88
92.69
92.69
93.08
93.17
92.36
91.81
93.15
92.92
93.84
95.02
95.38
95.27
95.58
