98.87
99.0
98.6
98.99
98.15
97.99
97.17
97.45
97.61
97.7
95.79
96.96
96.94
95.72
96.39
98.04
99.76
99.55
99.45
98.16
98.19
98.99
98.76
98.95
98.66
99.23
99.14
99.07
101.49
100.78
100.69
100.72
99.8
99.42
99.39
99.28
99.28
98.11
98.86
97.01
97.69
97.85
99.58
100.02
100.0
100.34
99.9
99.53
99.82
99.68
99.55
99.83
99.0
98.22
97.66
98.89
98.33
98.46
97.83
97.67
97.74
97.8
97.45
97.45
99.49
99.83
99.46
99.47
99.33
99.13
98.69
98.03
96.64
97.61
97.55
97.28
98.87
98.6
98.48
98.04
96.65
97.22
97.44
98.19
99.03
99.77
97.52
97.26
97.26
99.31
99.81
98.65
98.56
98.45
98.41
99.53
99.23
98.1
98.92
98.26
98.0
98.67
98.66
98.62
99.15
99.3
100.46
100.53
100.62
98.76
97.7
97.63
97.58
97.49
97.42
99.18
99.14
98.85
98.34
97.84
93.93
99.5
99.89
99.74
99.22
99.2
97.74
99.02
99.07
98.5
98.55
97.34
97.04
97.73
96.61
97.17
97.24
97.27
98.5
98.31
98.13
97.38
97.38
99.06
95.0
95.71
95.14
95.88
97.02
97.0
96.95
100.06
100.37
101.06
100.11
99.16
98.93
98.76
98.07
96.21
97.44
97.44
97.59
98.39
99.81
98.69
98.09
97.62
97.69
98.66
98.7
98.77
96.81
97.41
97.25
97.2
98.48
97.58
98.32
98.13
97.37
97.78
98.13
98.37
98.78
99.25
99.17
98.81
98.59
100.19
98.98
99.13
97.83
97.11
97.11
97.1
96.48
96.62
97.63
98.06
