106.12
103.62
101.83
101.55
101.89
101.67
101.03
101.15
100.7
100.4
99.73
99.97
99.37
99.27
99.56
99.68
98.86
99.76
99.49
100.4
102.07
101.33
104.0
105.56
103.24
101.57
100.9
100.56
100.68
100.66
100.3
100.17
99.92
99.51
99.16
99.75
95.88
85.18
78.83
104.12
105.23
106.41
94.87
100.57
102.03
102.02
101.82
101.81
101.85
106.43
103.62
101.74
98.85
97.54
97.64
96.58
95.64
97.45
98.44
99.96
101.28
99.81
98.52
98.05
99.39
100.23
100.24
100.3
100.2
99.06
99.01
99.14
99.04
98.97
98.97
99.46
99.59
99.83
100.1
98.34
91.07
97.57
100.6
99.87
99.09
99.33
99.46
99.86
100.3
99.79
99.17
97.75
99.38
99.83
99.5
98.7
98.7
99.07
102.32
100.88
102.14
102.07
101.82
100.97
100.99
100.46
101.0
100.69
100.34
100.08
100.06
99.67
99.84
100.5
99.84
100.38
100.75
101.59
100.79
100.91
100.13
99.92
100.17
98.65
99.88
100.15
100.15
100.39
100.33
99.77
100.06
99.99
99.54
99.53
98.33
97.92
97.46
98.12
98.51
99.26
100.05
100.43
101.54
99.28
99.35
99.4
99.55
100.26
101.03
100.72
99.32
97.62
95.51
94.78
95.22
96.72
97.02
97.14
97.06
96.15
94.66
91.85
95.82
96.78
96.03
96.3
96.65
96.86
96.92
97.07
96.94
96.04
95.54
96.56
97.04
96.3
96.14
95.81
95.5
94.33
94.15
96.35
96.35
98.49
97.9
97.87
97.82
97.37
96.89
96.65
97.39
97.61
97.57
96.86
97.35
97.09
96.69
96.25
96.16
96.73
