98.61
99.85
100.42
98.99
102.09
99.53
99.49
99.66
99.26
100.14
99.7
100.3
99.52
98.94
98.41
96.99
98.03
98.21
99.36
99.64
99.38
99.2
99.75
100.58
100.59
100.77
100.83
100.24
100.52
99.7
99.71
100.18
100.67
104.02
101.66
100.6
100.43
101.37
99.59
99.69
100.02
99.94
101.03
100.11
98.89
98.54
99.21
99.37
98.03
98.05
99.71
100.8
100.64
100.63
101.42
102.23
103.24
100.66
99.72
99.69
98.38
99.8
100.36
100.49
100.18
101.13
101.72
101.35
100.57
96.71
100.08
100.4
98.78
100.15
100.37
100.37
99.53
100.08
101.26
100.61
100.49
99.78
99.78
99.36
100.26
100.58
99.54
100.45
100.68
101.21
101.22
100.84
100.55
99.87
100.09
100.3
99.74
99.26
99.86
99.44
98.47
100.12
99.54
100.55
100.75
103.4
101.24
99.89
98.63
99.63
100.76
100.7
100.7
101.18
101.03
99.06
98.87
99.12
99.07
99.42
100.11
100.74
99.83
100.09
99.88
101.48
101.13
100.35
99.56
100.37
100.74
101.11
101.84
100.34
100.15
100.25
102.41
101.95
101.6
102.1
100.74
100.84
100.72
101.84
101.25
100.23
100.09
100.19
99.75
99.02
99.23
99.99
101.45
99.92
99.98
99.76
100.14
100.26
100.08
97.12
100.39
102.5
101.46
99.83
99.97
99.84
99.54
99.07
99.42
100.51
99.68
99.29
99.64
98.73
99.34
99.06
99.7
100.46
99.74
99.42
100.06
99.99
98.9
100.88
100.76
100.51
99.18
99.66
98.78
99.32
99.4
99.18
85.41
86.58
95.13
95.49
97.19
97.66
98.81
97.63
