98.01
98.37
98.74
98.42
97.61
98.03
99.13
97.62
98.61
98.45
98.46
98.79
100.61
100.25
99.69
99.21
98.64
95.36
95.98
96.55
97.28
98.07
98.08
98.54
98.23
98.26
97.87
97.96
98.09
98.29
96.83
96.92
97.16
96.29
93.79
95.1
95.19
95.19
89.99
96.05
98.33
97.33
97.63
98.58
98.1
99.92
99.05
98.16
97.76
97.92
97.58
97.31
97.44
98.18
97.98
97.6
96.86
96.63
96.51
96.51
96.89
97.03
96.02
95.42
96.02
96.18
95.9
95.92
95.76
96.93
96.47
95.85
98.67
99.74
100.61
99.5
98.08
99.65
100.65
100.17
99.87
98.31
98.11
100.08
99.78
99.5
103.38
93.0
92.79
93.32
94.41
96.58
96.55
96.01
96.85
97.49
97.43
97.32
97.46
97.31
97.7
97.72
97.49
97.26
97.03
97.12
97.25
98.53
100.51
98.63
97.39
96.09
94.15
93.8
94.51
95.12
95.34
94.4
94.44
94.55
94.76
95.6
96.21
96.5
96.85
96.78
96.69
97.93
97.66
98.03
98.51
99.07
99.41
99.5
99.05
98.59
98.47
98.61
98.36
98.04
97.7
97.44
96.38
96.24
96.49
96.17
96.02
96.58
96.9
97.06
97.33
97.83
98.33
98.3
97.31
97.38
97.58
97.53
97.49
97.63
97.57
98.6
97.72
98.12
98.2
98.32
98.65
95.07
97.99
97.36
96.97
96.66
95.97
97.19
97.2
96.66
96.75
97.07
97.63
97.9
98.24
98.55
98.91
98.85
98.7
99.06
98.82
97.25
96.6
96.07
96.56
97.05
96.9
97.88
98.44
98.58
97.96
98.37
99.27
99.5
