100.38
100.96
101.34
101.59
103.89
102.19
103.26
100.28
101.18
101.27
101.36
101.57
101.02
99.93
101.04
100.05
99.5
99.83
100.28
100.24
100.48
100.72
101.05
101.06
100.31
100.69
100.81
101.16
100.71
100.79
101.73
102.15
102.09
102.95
102.25
101.12
102.37
101.45
101.49
100.09
97.62
91.12
90.6
89.55
91.85
93.32
94.59
96.33
97.64
98.14
98.58
99.13
98.7
98.89
98.57
98.45
98.11
98.6
97.91
97.63
97.87
98.09
98.18
98.18
98.52
98.6
101.42
100.52
99.19
99.34
99.62
100.27
100.99
100.81
100.63
100.39
100.41
100.64
99.74
100.38
99.96
100.23
100.03
99.73
99.15
99.92
98.56
98.38
97.56
97.82
97.5
97.21
97.7
97.79
98.32
98.57
98.04
97.83
97.27
97.2
98.81
98.6
99.83
101.58
100.92
101.18
100.13
99.7
100.32
98.58
98.8
98.81
98.1
97.73
97.44
97.5
96.8
93.35
94.51
96.72
97.41
98.62
98.79
98.43
98.46
97.76
97.36
96.49
96.81
96.82
97.38
97.99
93.59
93.55
97.21
95.4
95.75
96.18
96.41
97.08
96.51
96.67
97.6
97.25
96.21
96.27
96.56
97.02
95.93
94.91
95.12
95.79
96.77
96.9
96.97
96.91
96.89
98.26
99.25
97.47
96.67
94.42
82.57
88.22
95.14
95.79
96.02
96.31
97.5
98.25
98.72
99.31
99.81
99.37
98.55
97.63
97.46
97.13
97.37
97.25
96.89
97.2
96.66
98.33
98.75
96.38
96.84
96.55
99.76
100.05
99.7
99.22
98.5
98.76
98.16
97.51
97.13
96.78
96.68
96.34
