101.53
98.68
99.26
98.04
98.94
98.8
98.34
99.43
99.69
99.37
97.8
97.89
96.83
96.24
96.44
96.03
97.06
97.16
97.06
101.2
98.58
99.31
99.62
97.51
95.4
95.64
98.94
97.79
98.6
99.39
99.34
96.68
95.49
94.05
93.26
92.51
91.78
91.96
92.78
93.45
94.51
96.32
95.88
98.6
99.39
98.19
98.24
99.41
99.08
98.17
97.9
97.63
97.66
97.28
98.47
99.03
99.6
100.89
100.39
100.93
100.59
99.65
100.11
99.85
100.32
98.45
99.35
101.34
99.7
99.15
98.85
99.29
99.59
100.27
99.96
100.56
99.61
98.44
99.05
98.64
99.0
100.64
101.0
101.87
101.72
100.9
100.27
99.73
99.24
97.56
99.93
100.77
99.85
100.08
100.19
99.91
99.27
99.29
99.23
98.84
98.33
98.62
99.22
98.12
98.93
99.06
97.86
98.03
98.18
98.76
98.57
98.55
98.69
99.76
101.13
101.38
101.5
100.88
101.42
99.71
100.25
100.45
99.76
99.84
100.28
99.24
99.39
99.79
99.72
100.27
100.56
100.73
100.93
101.86
100.98
100.22
100.07
99.56
100.22
98.93
98.84
98.59
99.28
99.54
99.63
99.73
99.7
99.61
98.68
99.41
99.1
99.5
99.39
99.66
99.98
99.24
98.94
99.48
98.98
100.13
99.69
99.59
100.19
100.44
99.85
100.28
100.08
99.18
98.08
98.39
98.9
99.23
99.31
100.51
100.99
100.37
100.56
100.77
99.87
99.83
99.97
99.76
99.76
101.91
97.46
98.37
98.15
99.01
99.59
99.77
99.21
98.99
100.17
98.7
98.43
98.67
99.41
98.93
99.28
99.28
