97.64
97.33
98.28
98.28
98.62
100.12
98.41
99.53
98.91
99.46
98.73
98.52
98.06
97.48
96.47
95.47
96.08
97.15
101.03
100.43
99.79
98.82
98.07
99.47
96.64
98.4
98.14
98.93
98.79
99.07
98.68
97.15
97.8
98.91
98.52
98.93
100.18
100.47
101.12
101.42
101.36
98.85
99.13
99.39
98.87
99.54
97.62
96.93
98.1
98.01
98.79
98.5
98.54
99.82
99.27
98.48
98.74
98.26
98.27
95.06
97.06
98.31
98.71
99.13
99.75
101.0
100.53
100.58
100.03
99.12
98.8
98.98
98.38
99.15
99.29
98.46
97.76
98.9
99.77
100.52
100.98
100.68
100.93
100.34
100.13
100.09
99.59
99.17
99.77
101.1
101.0
101.7
101.4
97.86
98.76
99.15
98.62
99.36
98.02
98.57
98.97
99.52
98.9
98.98
100.21
100.17
99.85
99.52
98.36
98.29
98.78
101.11
99.09
100.49
98.57
99.23
99.67
99.32
99.74
99.89
99.21
99.23
99.09
99.47
99.65
99.53
98.48
97.8
97.47
96.79
96.59
99.39
99.68
99.4
99.76
96.92
104.46
101.87
98.9
100.17
100.55
99.71
100.39
99.97
99.78
98.33
97.73
97.69
96.9
96.32
96.85
98.45
98.58
97.88
99.52
98.6
99.03
98.92
99.39
99.26
99.49
101.18
98.83
98.2
98.2
97.46
97.8
97.83
97.95
98.26
98.77
98.11
98.91
97.87
95.81
96.78
99.96
100.28
99.98
99.92
99.9
99.49
101.36
101.77
101.48
100.5
99.91
99.65
99.99
99.66
99.18
99.7
99.16
98.35
98.48
98.64
98.41
97.94
97.37
97.89
