99.14
100.26
101.14
100.62
100.02
99.82
99.97
98.13
97.49
98.83
99.68
99.09
100.02
99.81
99.78
99.21
100.03
100.78
100.73
100.36
100.55
101.06
100.96
101.6
101.64
101.49
101.27
101.21
101.51
101.76
101.67
101.92
102.37
102.22
101.61
101.72
97.39
98.9
100.84
100.8
100.29
100.83
101.03
101.13
101.05
101.45
101.25
101.74
102.27
102.39
102.32
101.83
100.89
100.76
100.64
100.17
99.7
99.31
98.24
98.05
99.92
100.11
100.28
99.74
98.81
98.97
98.66
99.13
99.93
100.44
100.22
101.26
101.66
101.73
100.54
100.56
101.02
101.56
101.77
101.31
100.76
100.35
100.11
99.78
100.11
100.65
101.39
100.67
98.92
99.47
100.19
92.92
94.89
97.15
98.61
99.48
100.87
100.76
100.18
99.97
99.62
99.66
99.2
99.38
99.06
99.31
100.46
101.23
99.56
98.83
98.78
99.65
99.75
99.25
98.55
99.32
99.31
99.8
100.53
100.08
101.16
97.54
98.8
99.47
101.39
103.04
102.08
101.66
100.98
100.59
101.5
101.01
100.12
100.01
98.87
98.94
99.45
99.43
99.47
100.12
100.16
101.31
101.79
101.26
101.04
100.72
100.97
100.19
100.43
101.02
99.65
101.23
102.1
100.41
99.76
99.67
101.0
100.88
100.55
100.95
100.94
100.44
100.21
99.61
101.26
100.85
100.17
100.28
101.19
101.82
101.95
101.56
101.07
97.81
97.49
99.47
100.04
100.99
101.82
100.75
100.54
100.41
100.58
102.33
101.8
101.09
100.28
100.23
100.08
100.0
100.29
100.85
101.51
101.41
100.86
101.25
101.33
101.23
101.85
99.7
