98.82
98.74
98.82
98.09
97.48
98.37
99.08
99.71
99.96
99.36
99.65
100.29
100.27
100.38
99.96
100.17
100.16
99.88
98.07
98.81
99.1
99.23
99.41
99.54
99.57
99.23
99.24
98.96
98.82
98.87
98.68
99.19
99.01
99.6
99.98
98.89
98.95
99.6
99.75
99.94
99.97
100.58
99.88
100.18
100.02
100.42
100.04
99.1
101.4
101.06
101.18
100.71
99.98
100.2
100.88
99.58
99.38
100.13
99.68
99.2
98.48
99.76
100.14
98.77
98.77
100.31
100.81
100.95
100.61
100.62
100.23
97.38
101.21
100.5
100.14
100.29
99.5
99.27
99.96
99.83
99.18
99.66
99.39
99.58
99.07
100.58
100.75
100.74
101.12
101.05
101.05
101.13
100.59
98.2
99.78
100.16
100.37
99.9
100.43
101.64
98.71
98.65
98.84
99.61
99.61
99.36
99.89
99.88
99.83
100.35
100.68
99.35
100.06
99.38
100.18
101.52
101.75
101.13
102.46
101.19
100.62
99.66
98.5
98.96
98.27
98.67
98.3
98.5
99.94
101.05
101.36
100.92
100.7
99.77
100.13
100.02
99.94
98.68
98.93
100.22
99.86
100.04
100.44
99.87
100.11
100.68
100.32
100.53
100.89
100.81
99.79
99.81
99.63
100.13
99.86
99.12
98.76
99.03
99.75
99.95
100.81
99.99
99.99
100.87
100.29
99.87
99.41
99.19
99.6
99.67
100.02
99.62
100.56
99.91
99.71
99.96
100.46
100.66
100.97
99.6
100.05
98.69
101.45
100.63
100.63
100.68
100.76
100.84
100.66
100.58
100.5
100.25
99.01
98.47
99.77
99.89
99.23
98.78
98.96
99.4
