88.03
87.14
96.1
92.49
92.17
90.38
89.81
89.21
88.51
86.88
88.45
87.88
90.16
91.17
90.18
89.16
89.49
87.27
87.66
88.0
88.56
90.51
90.86
88.84
89.86
90.47
91.29
90.52
91.67
92.32
91.55
86.91
89.28
88.68
90.06
88.3
86.87
87.39
87.32
88.16
83.49
86.64
89.58
89.71
90.68
89.36
90.07
91.59
92.83
92.56
92.84
92.56
91.63
91.23
91.03
91.5
91.56
90.12
88.85
92.49
90.78
92.39
93.14
93.68
94.13
92.86
93.01
92.22
92.77
89.78
89.21
89.31
91.85
89.77
89.71
88.6
89.77
82.42
82.42
88.07
88.29
91.05
91.3
89.01
88.07
87.38
86.74
95.33
90.32
89.49
90.17
90.77
90.13
92.65
91.24
89.47
89.25
90.45
91.2
90.71
89.35
88.39
90.03
90.2
89.09
90.88
90.63
90.13
91.45
91.45
90.41
91.11
89.92
93.38
93.06
94.76
92.76
89.82
90.74
90.9
91.85
91.73
91.68
91.53
91.83
92.76
93.48
92.87
92.99
92.07
91.88
91.92
92.94
93.96
94.16
94.23
94.54
93.42
92.27
91.73
91.48
90.9
90.23
89.5
89.46
90.38
90.73
91.13
91.32
90.89
90.6
90.98
91.46
90.86
81.43
87.65
89.94
88.8
87.84
88.02
87.8
88.3
87.79
87.57
92.61
92.32
90.76
90.99
90.69
91.41
92.5
93.07
93.54
93.17
92.59
94.91
90.29
91.48
91.58
90.1
89.7
90.39
91.04
91.16
91.18
90.48
89.52
88.75
89.33
89.02
90.06
90.52
88.18
89.64
90.97
91.24
90.75
90.32
89.76
89.23
