99.86
99.73
100.63
100.37
99.84
100.14
100.48
100.28
100.21
99.41
99.27
99.11
99.76
99.77
99.67
99.52
99.48
100.44
99.62
99.97
99.29
99.44
100.12
100.64
101.07
100.77
100.55
100.98
101.65
101.24
101.17
101.96
98.75
101.08
100.07
99.17
99.47
99.88
99.71
100.52
99.88
99.79
99.87
98.95
99.87
100.48
100.87
100.75
100.8
101.16
103.7
100.97
100.19
99.73
100.26
99.53
99.46
99.46
100.01
99.24
98.94
99.95
100.81
101.25
100.74
100.63
98.87
102.04
101.2
100.92
100.66
100.39
100.4
101.14
100.76
100.2
99.95
99.9
100.45
99.15
99.33
99.95
99.22
99.07
99.12
98.95
98.65
97.19
97.66
99.34
94.85
96.47
96.84
96.77
96.45
96.72
96.68
96.77
96.7
97.36
98.8
99.28
99.23
99.29
99.88
99.8
100.05
101.3
100.8
100.31
99.13
99.3
99.5
99.47
99.79
100.66
100.81
100.4
99.65
98.38
97.14
96.84
96.71
97.17
97.22
97.08
96.81
96.65
96.69
96.4
98.19
100.7
101.32
101.61
102.05
100.85
100.55
94.62
95.62
94.45
94.82
95.72
95.95
96.34
96.86
96.35
96.11
96.45
96.25
97.47
98.35
98.67
99.06
99.22
99.35
99.48
99.89
99.89
98.93
99.13
98.68
98.93
99.82
99.17
99.77
100.33
100.51
100.83
101.0
101.93
100.64
99.88
99.77
100.19
100.48
99.32
100.79
100.15
101.17
100.95
100.39
100.85
105.43
103.93
103.75
103.08
102.93
101.09
101.33
99.29
98.51
98.33
98.38
98.56
99.12
99.17
99.1
98.91
99.37
99.67
