100.03
101.35
101.63
102.12
100.85
101.67
101.82
101.53
101.5
101.14
100.86
101.07
100.68
100.28
100.04
100.64
101.57
101.95
101.53
101.71
101.3
101.21
101.63
101.82
102.91
98.78
101.42
101.83
102.11
101.64
101.22
100.92
101.56
102.2
99.8
100.88
101.18
100.69
100.46
100.21
99.61
97.72
96.73
96.54
94.24
103.26
101.22
102.03
101.13
100.36
101.53
101.72
101.27
100.99
101.08
101.13
102.12
97.15
99.74
100.45
100.81
100.62
100.88
101.06
100.84
101.3
101.57
102.01
102.22
101.98
100.64
101.43
101.6
100.89
103.33
102.55
102.55
102.02
101.7
101.1
100.84
98.04
102.84
102.4
102.05
101.99
101.68
101.17
101.53
101.64
101.74
101.12
100.58
100.43
101.55
102.25
101.51
100.71
100.19
100.59
100.24
98.88
100.31
100.58
100.41
100.76
100.52
99.92
100.47
101.22
101.05
101.66
101.58
100.08
100.33
100.46
100.58
101.0
101.47
101.67
103.23
101.98
101.5
102.26
101.87
101.87
102.23
101.3
101.1
101.28
101.12
103.35
104.83
103.22
102.96
101.3
99.54
99.15
99.15
99.79
100.77
100.87
100.17
100.71
100.25
99.9
99.2
99.79
99.39
99.84
100.44
102.24
99.92
100.73
101.24
101.88
101.96
101.75
101.4
102.41
102.33
101.9
101.73
101.97
101.93
101.93
100.96
100.64
100.05
99.96
100.97
101.01
100.53
100.71
101.07
105.64
103.35
102.52
100.76
100.92
101.69
101.94
101.95
105.27
101.58
101.34
100.5
100.74
101.72
101.55
101.22
101.54
101.16
99.59
99.59
100.19
100.43
102.85
104.81
103.5
