101.73
101.45
101.63
100.9
101.01
101.6
101.18
102.68
102.99
103.66
103.16
102.98
102.05
101.7
101.77
102.41
102.92
102.89
102.24
100.32
101.22
101.7
102.27
102.98
103.8
104.47
103.51
105.25
100.5
98.04
102.8
101.85
98.87
97.4
95.43
95.02
95.97
97.23
97.73
97.55
98.91
99.8
100.21
100.49
100.84
101.19
101.5
101.62
101.54
100.14
100.08
100.43
101.84
100.84
100.99
100.06
100.77
100.61
101.46
100.6
101.56
101.41
100.44
100.37
100.47
98.67
98.05
101.39
102.21
102.18
102.21
103.43
102.31
103.48
103.6
102.85
102.46
102.56
103.67
105.22
106.7
104.05
102.57
101.61
101.22
101.4
102.36
102.78
103.65
103.27
103.07
104.37
104.97
105.7
103.82
102.55
103.47
104.36
104.25
104.0
103.11
101.98
101.31
101.88
102.3
102.88
103.26
103.2
102.96
101.27
100.74
100.77
100.25
99.96
99.44
99.42
100.24
100.13
101.29
100.75
99.49
101.5
100.27
102.3
102.3
99.8
99.89
100.39
101.6
101.23
100.72
100.51
101.63
103.64
105.41
103.77
103.84
102.79
103.3
103.36
103.92
103.45
103.07
102.13
101.44
103.19
102.1
102.59
102.53
102.16
102.72
103.4
103.4
103.07
102.0
102.45
102.45
101.88
101.99
102.5
102.22
103.26
102.91
102.78
104.03
104.11
103.96
104.04
104.42
104.0
103.83
103.56
103.44
103.14
102.93
102.52
102.17
104.62
104.89
103.43
103.38
106.13
102.2
102.03
101.96
101.66
101.28
102.42
102.65
103.48
102.73
102.71
101.72
102.57
102.11
102.77
99.39
97.89
94.59
92.43
