98.03
99.71
97.77
102.59
104.59
105.67
105.19
102.91
100.03
101.94
102.65
97.79
99.28
99.28
100.66
100.62
102.4
101.17
101.47
103.06
102.16
101.42
101.49
99.76
98.95
98.82
97.77
96.62
92.26
104.27
103.67
101.56
101.26
100.78
101.17
102.31
102.24
102.17
100.92
100.08
100.97
100.76
104.07
103.17
104.99
104.61
103.97
103.44
103.58
101.95
103.57
102.01
102.62
103.45
103.49
103.12
102.95
101.84
100.68
101.58
102.39
100.34
100.56
100.03
99.79
99.99
100.66
101.14
101.36
101.05
101.13
101.51
102.84
102.42
101.85
101.71
101.46
104.68
104.09
103.07
102.66
102.65
102.92
102.29
101.61
102.48
102.58
105.39
104.05
104.56
104.93
104.38
104.53
106.25
107.91
106.01
104.25
103.15
103.3
103.6
102.26
101.67
105.27
100.75
100.71
100.41
100.92
100.37
99.72
99.79
100.25
100.45
100.74
100.61
101.64
100.78
100.73
100.38
99.45
101.41
101.68
101.06
101.2
101.54
102.62
102.52
103.55
102.43
102.3
103.67
104.05
102.93
102.37
103.17
103.96
104.31
104.35
101.11
100.38
100.79
100.9
101.18
101.24
102.04
103.23
101.2
102.18
103.37
103.78
103.84
103.03
102.62
102.64
103.11
102.83
102.31
103.84
100.99
100.8
101.84
101.36
99.72
103.24
101.87
101.21
101.81
101.5
101.73
102.53
99.9
99.11
99.89
101.87
102.14
102.15
102.45
102.34
102.76
103.31
104.34
99.72
99.98
100.1
101.63
101.61
103.47
102.21
101.06
101.06
101.29
101.88
102.11
100.67
103.11
101.36
100.92
103.17
100.53
100.17
100.66
