98.08
97.09
103.19
103.3
102.06
102.64
101.6
100.6
99.88
100.06
100.16
100.61
100.27
100.44
100.53
100.31
101.15
100.78
99.42
98.66
99.13
98.77
99.27
99.51
99.66
99.76
99.38
99.08
100.22
99.61
98.12
98.62
99.25
99.89
98.42
97.66
99.16
99.58
99.26
99.6
102.26
99.14
99.81
100.38
99.43
99.41
100.24
101.02
99.97
99.7
99.76
100.79
100.68
99.57
97.57
98.98
99.35
99.89
99.87
101.95
101.14
99.17
99.11
99.16
98.54
99.29
99.82
100.36
99.57
100.11
98.77
97.64
97.96
99.65
100.38
99.81
101.26
100.52
98.74
97.63
99.05
102.02
90.58
95.72
97.84
97.74
97.86
98.69
99.05
101.21
100.74
99.02
101.33
100.94
100.03
98.87
101.08
99.59
97.86
101.4
100.47
99.63
96.84
97.92
98.99
99.19
99.78
100.89
99.77
99.52
99.9
99.71
100.48
99.84
99.63
100.71
99.11
97.88
98.34
98.64
98.39
98.73
99.14
98.38
97.35
97.17
94.87
96.46
99.26
97.02
95.18
95.09
93.75
94.12
95.34
96.46
96.06
96.86
95.65
95.51
95.4
96.03
97.11
97.16
98.75
99.02
98.48
98.04
98.01
100.85
100.01
99.08
95.71
93.3
88.67
87.6
89.27
90.95
91.46
92.65
93.0
94.56
95.39
97.27
96.63
97.2
97.92
98.15
98.48
101.13
98.79
97.15
97.74
97.99
98.38
98.38
97.94
101.76
97.75
98.18
98.62
99.13
96.61
100.37
99.61
99.69
99.06
99.16
99.6
99.23
99.01
98.18
98.72
98.94
96.29
95.85
94.53
95.7
96.23
97.74
