99.04
97.72
97.65
97.86
98.72
98.4
97.72
97.63
97.8
97.68
98.37
98.73
98.03
98.4
97.15
98.11
98.09
98.97
103.04
100.8
100.38
99.67
98.27
98.46
98.89
97.7
99.44
99.68
99.96
96.8
97.0
98.27
98.16
98.59
98.45
98.41
97.92
98.23
99.33
102.48
99.77
99.0
98.41
98.55
98.31
98.58
99.62
99.28
99.61
98.64
96.23
95.87
95.94
96.51
97.04
97.37
98.0
98.62
98.83
99.58
100.14
99.83
99.54
97.73
97.1
97.13
97.28
98.11
98.47
98.05
98.33
95.82
95.46
93.88
93.81
94.51
94.37
95.83
95.26
94.94
95.14
93.79
94.87
98.1
97.63
96.43
95.81
96.97
96.74
96.36
95.46
95.23
95.99
96.21
96.83
97.0
96.87
96.91
96.45
96.03
96.12
95.73
95.07
96.21
96.42
97.03
97.04
96.61
96.42
96.15
95.58
95.41
94.96
94.83
94.27
94.01
93.92
93.45
93.72
93.08
95.18
95.45
95.17
95.25
100.45
101.1
98.76
96.62
96.05
95.28
94.78
94.24
94.57
94.35
93.92
94.72
89.35
91.2
92.18
92.39
92.58
92.26
93.44
94.37
95.31
95.72
91.23
92.71
93.13
94.65
94.74
96.53
94.99
93.17
92.88
92.85
95.82
94.29
94.73
94.51
96.15
95.09
95.0
94.36
95.82
95.46
94.9
94.6
93.56
96.53
92.22
92.22
92.6
94.59
94.01
96.3
95.0
95.2
95.71
95.62
95.01
94.66
93.03
91.73
91.58
91.97
92.65
92.86
93.02
93.13
92.04
90.68
91.29
91.31
92.31
93.56
94.46
93.99
93.6
93.55
