93.42
93.26
92.28
92.61
92.8
93.47
95.16
94.83
94.38
94.74
94.91
95.38
96.13
95.77
95.41
94.32
93.17
92.65
92.42
94.16
94.13
94.18
94.1
94.01
94.07
94.73
94.96
94.3
95.48
95.38
94.38
93.39
93.2
94.77
95.12
94.84
95.51
95.81
95.81
95.13
96.31
96.4
95.44
95.45
94.05
92.3
92.91
93.9
94.48
94.49
94.87
95.0
95.15
95.68
95.33
95.85
96.71
96.88
97.03
96.94
97.13
97.02
95.59
94.05
94.43
94.99
95.36
95.13
95.82
95.86
95.74
95.44
95.28
95.71
96.13
96.27
95.53
95.93
96.7
96.99
97.37
97.33
98.13
97.72
96.08
95.53
95.73
95.7
95.85
94.0
93.61
93.52
93.02
93.47
94.38
95.67
94.82
93.89
93.76
92.67
92.78
91.65
91.69
91.93
92.28
91.96
91.65
93.05
93.04
93.87
93.56
93.5
94.39
93.93
93.85
92.9
94.36
95.01
95.69
95.32
96.14
95.26
96.43
96.46
96.19
95.87
95.59
96.2
95.89
95.85
95.49
95.04
95.41
92.09
93.2
92.94
94.03
93.48
93.2
93.91
94.39
94.11
94.28
93.97
93.33
92.66
92.13
93.62
94.83
94.1
94.54
94.89
95.72
95.92
95.52
94.92
93.81
93.84
94.17
94.76
94.58
93.55
94.64
94.75
95.18
94.88
96.21
95.99
95.79
95.03
95.74
95.58
95.69
95.81
95.78
95.67
93.5
93.95
93.76
94.34
94.75
94.82
95.43
95.67
95.23
94.45
95.19
95.66
95.84
95.27
94.84
94.91
94.93
94.53
96.48
96.69
97.03
96.31
96.25
95.88
