96.30
95.35
96.16
96.81
97.58
96.11
94.62
94.36
97.02
92.83
93.64
96.26
93.69
93.74
93.54
96.18
97.59
98.46
94.11
96.81
94.82
91.24
97.31
98.65
99.33
98.57
100.3
100.32
101.05
99.91
98.03
97.58
95.61
98.16
95.53
95.04
98.13
97.7
97.64
97.33
96.3
95.15
94.96
96.08
97.81
97.24
95.18
95.41
95.92
96.97
96.55
96.5
95.49
94.33
94.38
93.49
93.11
91.95
90.95
90.29
91.22
92.79
92.3
91.87
90.95
89.57
91.06
93.05
89.94
87.73
86.91
88.78
88.48
88.77
89.8
90.45
92.62
93.54
90.77
89.59
89.95
89.3
91.02
90.95
92.75
93.6
92.85
91.39
94.61
94.56
93.64
93.79
93.03
92.91
95.13
96.22
96.61
96.46
96.51
98.4
98.63
96.86
96.4
96.67
99.23
101.01
100.97
98.62
98.16
98.72
96.37
95.44
103.67
100.23
99.13
98.12
92.68
92.59
92.62
93.54
93.63
93.71
93.51
92.84
92.05
94.82
92.39
94.07
92.22
91.42
92.68
93.93
92.93
92.66
92.77
92.21
91.42
88.64
89.34
90.34
89.87
94.15
96.07
97.31
95.35
96.13
96.67
95.85
94.6
93.47
93.04
92.91
93.76
94.32
94.33
96.7
94.71
89.81
91.55
93.79
93.83
92.37
91.0
88.28
85.78
92.62
91.26
91.29
90.6
90.91
92.67
92.58
92.92
94.13
96.37
97.9
98.07
97.58
97.48
98.15
98.29
97.52
96.95
96.0
98.14
99.51
97.25
97.33
96.29
96.17
98.25
97.98
98.03
96.84
99.92
99.7
98.8
98.8
99.18
100.54
