83.57
83.21
81.94
81.14
81.25
81.63
82.1
81.52
81.02
81.17
81.74
81.56
81.01
80.33
80.75
81.52
81.5
81.07
80.2
79.02
78.93
79.45
82.09
82.94
82.35
83.06
82.6
82.71
83.36
82.73
83.3
84.06
84.73
84.67
83.8
84.14
80.91
77.12
78.24
79.25
75.25
73.77
73.81
74.75
75.84
85.33
112.64
71.8
75.32
79.35
81.11
72.28
73.63
73.69
74.47
75.71
76.35
68.19
74.41
75.64
76.68
77.9
79.44
80.18
80.17
82.19
92.84
85.8
83.82
80.93
79.74
80.1
79.74
80.74
80.43
79.45
79.09
79.42
78.24
77.81
79.62
80.56
79.91
86.98
75.27
73.99
76.28
79.8
79.5
79.35
79.77
79.21
80.26
79.66
79.7
82.53
80.7
78.81
78.49
80.64
81.87
80.76
80.41
80.8
80.87
79.92
79.67
91.27
96.82
95.71
89.1
81.64
80.14
79.96
79.45
80.93
77.73
77.32
77.97
89.64
86.81
84.74
81.07
81.19
81.19
81.12
80.54
80.5
80.5
82.74
82.94
83.0
83.43
81.42
80.38
81.0
80.57
79.33
81.56
81.0
83.47
83.07
82.44
81.13
81.48
83.95
84.33
88.52
73.44
74.34
73.92
108.54
108.54
71.87
71.4
74.09
75.65
76.09
78.54
78.72
78.44
77.77
78.31
77.07
78.2
78.15
87.22
88.26
88.31
84.81
82.86
82.56
82.79
83.01
81.98
81.51
81.7
81.27
79.78
80.3
81.08
80.97
81.31
77.03
73.73
75.62
77.6
79.01
79.53
78.82
78.25
77.05
76.96
77.93
77.95
78.26
78.6
78.5
78.1
78.01
