90.60
90.19
82.79
85.72
87.23
86.98
84.1
84.13
84.13
79.8
83.31
82.2
85.95
85.76
86.83
87.38
87.2
87.01
87.28
87.44
86.69
86.51
85.89
86.25
85.7
86.4
87.21
87.98
87.64
88.88
88.88
87.88
87.97
87.51
87.18
84.9
82.8
83.34
85.55
86.82
87.04
87.39
88.61
88.36
88.21
88.59
88.26
87.99
87.86
87.41
87.28
87.05
86.28
86.89
86.64
87.3
86.57
87.24
87.64
87.78
87.35
87.78
89.54
89.95
88.38
86.83
86.83
87.31
88.0
88.65
89.85
89.19
88.81
88.37
88.83
88.57
88.97
89.42
89.55
89.05
89.93
89.27
88.02
88.79
87.36
86.09
84.54
85.31
86.37
86.33
86.18
87.44
87.44
86.15
85.23
86.47
85.74
85.6
85.81
86.04
87.84
86.62
83.33
83.78
84.97
85.36
85.08
85.14
85.53
86.58
85.78
86.33
87.03
85.77
86.89
87.04
87.11
86.59
85.73
85.54
86.08
86.64
86.42
83.26
84.37
84.07
86.2
87.62
86.22
81.53
89.59
89.31
88.53
88.23
87.87
85.8
85.8
85.46
85.65
85.76
85.94
85.04
85.11
86.47
87.21
87.74
88.02
87.04
86.27
86.87
86.83
84.79
84.39
84.65
85.79
85.18
86.63
85.45
85.54
87.45
86.84
86.85
86.04
86.93
87.7
86.15
85.69
84.35
84.75
83.86
86.23
83.78
83.75
84.05
84.64
85.41
86.88
87.08
86.74
85.13
86.24
85.02
85.77
86.26
87.0
85.57
85.26
85.72
85.39
86.72
86.47
84.79
86.17
84.32
86.43
84.87
87.62
87.1
86.52
86.63
