58.76
59.37
60.43
61.58
61.9
61.03
60.23
60.85
56.31
56.95
56.66
55.36
59.7
58.39
59.07
59.09
58.09
57.79
57.78
57.74
57.67
57.62
56.26
57.18
57.84
57.93
58.53
59.29
58.78
60.57
61.91
60.43
59.71
64.18
63.05
61.72
62.3
59.4
58.65
58.34
58.45
57.44
57.3
56.87
57.67
58.21
59.48
58.72
57.31
58.74
58.02
62.07
61.48
61.23
60.62
59.65
59.32
59.12
59.66
59.68
59.2
60.04
60.29
60.01
60.12
60.18
59.02
60.63
60.17
60.39
60.43
58.59
59.14
59.38
58.49
59.57
59.62
58.99
59.33
59.1
58.68
57.76
57.26
58.86
59.24
58.21
61.93
60.5
59.51
61.36
61.58
62.07
61.51
62.08
62.63
61.35
61.12
59.82
60.17
60.56
59.4
59.94
58.31
58.41
59.9
60.53
61.34
61.69
62.28
61.37
59.59
58.96
59.26
59.52
58.75
57.59
55.82
57.67
58.46
55.39
55.72
56.31
54.94
54.03
56.3
56.3
57.07
57.4
59.18
61.5
59.04
60.66
61.72
61.75
61.27
60.52
60.03
58.48
58.71
54.6
56.65
58.38
60.24
60.07
58.28
55.84
55.11
57.04
57.27
57.21
56.75
57.48
60.01
60.94
63.29
60.34
59.36
60.01
58.58
57.69
58.26
58.0
57.67
57.55
57.9
57.78
57.2
56.42
57.06
57.9
59.0
58.04
58.68
58.97
60.21
53.04
53.8
55.27
55.69
67.01
66.19
65.52
64.01
62.48
61.08
59.62
60.03
57.14
59.29
58.71
57.64
58.15
58.1
57.84
57.64
55.8
54.94
56.12
55.2
54.81
