77.62
74.64
72.64
73.24
71.56
73.39
75.01
76.7
76.27
78.96
80.54
79.68
79.86
78.06
78.21
77.14
75.55
75.97
76.09
73.63
72.35
69.94
72.21
73.83
76.27
73.77
79.99
80.14
82.93
85.86
91.94
89.88
85.85
85.07
83.87
82.03
80.87
76.94
75.79
76.73
77.33
77.11
77.8
76.95
75.35
77.85
76.83
75.01
74.65
72.28
71.3
68.55
68.71
70.44
73.01
73.12
73.48
74.51
73.32
74.36
75.28
75.86
76.61
77.44
76.78
77.47
77.79
76.93
76.13
87.27
79.96
75.75
78.11
77.65
78.76
78.52
79.27
79.83
83.11
87.16
84.5
84.97
88.51
90.33
89.94
90.18
85.71
85.52
86.09
85.23
83.12
81.07
82.71
81.13
80.76
80.81
81.05
82.25
84.99
87.48
87.32
83.89
81.41
83.57
85.64
87.6
85.69
85.68
86.67
87.52
87.28
84.48
82.57
82.48
83.7
86.13
86.82
86.55
86.49
84.72
84.52
82.4
80.83
81.45
87.56
82.66
77.29
82.75
81.9
81.1
80.87
82.99
82.67
81.14
80.44
77.78
78.74
76.77
74.69
75.46
74.39
73.74
74.34
78.2
78.84
82.5
87.23
90.75
88.1
83.34
84.62
78.65
81.45
80.45
77.93
76.96
75.89
74.09
78.02
79.31
79.41
79.71
78.77
78.82
84.23
67.73
70.82
65.7
79.95
82.14
77.95
76.01
75.81
74.6
74.52
74.21
74.0
76.61
79.71
84.96
87.82
80.76
76.88
77.62
77.96
77.68
77.36
74.46
74.77
75.03
74.24
74.6
76.42
77.93
76.48
78.52
77.0
76.15
76.16
99.91
