100.38
99.71
99.41
99.31
100.06
100.08
100.22
100.04
99.16
98.93
99.53
100.08
100.24
100.88
101.19
101.04
101.13
99.53
99.88
99.95
100.44
99.76
98.77
99.37
99.61
99.71
100.4
99.74
100.18
99.79
100.2
100.5
100.75
100.67
100.12
99.86
100.07
100.77
99.81
98.98
99.04
99.53
100.43
100.21
99.23
99.64
100.31
100.88
101.17
100.71
100.61
98.31
97.86
99.64
100.07
99.99
100.08
99.68
100.11
100.24
100.42
100.4
101.31
101.2
100.37
99.65
99.92
99.66
99.4
99.33
100.33
100.28
100.18
99.85
100.87
99.66
99.34
99.05
101.34
102.2
101.83
100.62
99.74
100.29
100.09
100.64
100.91
100.62
100.72
100.51
100.02
100.51
100.85
101.73
101.46
101.15
100.78
102.77
102.98
102.19
101.49
100.05
100.83
101.33
100.82
100.23
100.06
99.93
99.51
99.85
100.29
99.87
99.73
98.73
99.75
100.44
100.37
99.46
99.54
99.83
100.16
99.3
100.01
99.74
100.79
101.02
100.92
100.7
102.08
98.4
99.57
100.68
100.42
100.91
102.3
100.72
100.21
100.99
101.6
100.42
100.49
100.29
100.07
100.73
101.74
101.77
100.89
101.02
100.49
98.26
99.68
100.03
99.63
100.84
100.64
100.18
99.14
99.27
99.14
99.39
99.81
99.67
101.0
100.12
99.66
102.7
101.56
100.85
100.19
100.09
99.74
99.87
100.32
100.71
100.09
100.56
100.25
101.78
99.57
99.07
98.47
98.81
100.79
100.06
101.03
100.97
101.22
100.01
99.96
99.93
101.04
101.03
100.68
98.84
100.17
100.27
100.03
101.04
100.88
100.8
