107.78
107.99
110.6
109.09
107.04
114.08
111.09
108.51
109.69
109.66
108.72
106.98
106.78
85.56
102.5
107.72
107.88
106.48
104.39
106.87
107.28
111.29
109.02
110.87
109.97
110.54
110.97
102.1
108.64
106.91
106.66
107.46
106.62
106.01
105.71
105.87
109.64
111.38
108.88
109.0
108.49
108.09
109.89
109.79
110.42
109.64
108.79
108.4
108.31
108.69
107.35
111.78
108.96
108.67
110.06
109.93
111.33
110.77
110.15
113.45
100.59
104.29
49.11
106.63
108.24
109.52
108.85
107.99
108.72
109.21
108.64
108.37
111.17
114.83
111.58
110.63
109.89
108.92
108.99
108.93
111.25
102.92
107.77
108.06
105.73
107.6
108.19
108.9
108.3
111.02
112.81
112.38
110.64
109.73
108.11
111.62
111.84
109.26
109.86
109.43
110.36
110.63
110.41
110.1
109.34
108.89
109.76
110.49
109.65
110.09
109.67
108.36
96.29
108.71
109.77
110.59
106.8
104.28
107.52
106.72
108.22
105.73
112.75
113.54
111.59
112.24
111.13
109.32
110.97
109.11
108.73
109.64
110.16
107.93
113.68
112.78
110.34
110.45
110.97
109.58
108.67
107.97
109.04
105.6
108.96
108.86
109.19
110.61
109.44
110.65
111.25
110.48
110.55
109.41
107.24
108.18
107.58
108.37
108.53
105.95
104.97
108.85
111.58
112.05
110.98
110.63
104.59
105.22
105.05
106.01
104.46
106.43
106.98
108.48
108.4
106.74
107.8
109.4
110.28
109.77
110.64
112.37
107.57
106.37
105.86
107.75
108.95
109.73
110.8
110.42
110.72
110.99
110.55
110.72
111.22
110.72
110.79
111.02
47.86
108.56
