82.41
83.0
81.82
82.11
81.89
80.92
79.17
80.01
81.22
81.14
82.06
81.8
79.22
78.03
78.52
80.57
80.72
80.72
79.85
76.85
76.52
79.33
80.27
80.08
80.44
80.98
81.53
81.64
81.92
82.05
95.63
85.2
85.0
83.11
82.84
81.07
81.08
82.15
82.21
82.53
81.8
82.34
82.71
80.96
80.19
80.94
79.83
79.36
78.94
81.86
83.65
83.54
79.76
81.69
82.9
83.41
82.47
82.83
82.43
82.23
81.05
80.8
81.18
79.88
79.9
80.72
81.3
80.93
81.11
79.85
81.6
81.09
82.7
83.88
83.87
84.07
81.87
81.98
81.82
81.92
81.59
81.07
80.98
80.27
80.14
82.41
83.78
82.62
82.3
85.25
84.13
82.47
82.1
81.48
81.55
82.04
81.68
82.19
82.23
82.77
83.55
83.83
82.82
82.9
81.87
82.19
82.61
83.01
82.35
83.28
83.65
83.65
83.86
83.74
91.1
88.52
84.29
82.39
82.48
83.37
84.07
87.23
85.42
84.01
83.3
84.27
84.07
83.67
83.23
82.47
82.16
82.3
82.91
82.67
81.58
82.06
81.4
81.9
82.44
82.31
82.08
81.91
82.17
81.27
81.27
81.57
81.29
81.45
81.49
80.93
81.56
81.06
81.18
81.4
80.17
79.52
80.44
80.84
78.93
82.15
82.14
82.01
81.88
82.14
81.72
81.18
80.58
79.6
79.07
79.63
79.84
80.69
80.69
78.81
81.36
81.14
81.4
81.26
81.16
79.45
77.7
78.78
79.14
79.5
79.33
79.26
79.65
79.87
79.26
79.81
80.42
81.23
80.94
80.44
79.57
79.44
81.24
80.99
81.43
83.44
