106.98
106.32
105.91
105.99
106.23
107.5
107.25
106.8
106.64
107.15
106.49
106.21
107.74
107.18
107.11
107.12
107.58
108.92
110.03
109.39
107.69
107.47
106.88
107.93
107.8
106.83
106.96
106.91
106.62
107.66
107.74
108.99
108.21
108.7
108.63
109.82
109.6
108.62
108.93
108.77
108.22
109.07
108.21
108.23
107.28
107.45
107.38
108.02
109.73
108.29
108.19
108.55
107.68
106.17
107.66
108.18
107.58
107.17
107.11
106.31
107.18
106.95
106.74
107.27
106.77
106.15
108.4
110.04
109.57
108.74
108.99
109.1
109.39
108.48
108.1
107.14
107.36
108.13
107.98
107.54
108.08
107.99
107.33
107.71
108.41
108.41
108.49
107.33
107.81
107.85
107.44
107.42
108.13
109.86
108.84
109.09
108.99
108.6
107.42
106.57
106.21
106.53
107.71
107.84
107.31
108.09
108.44
108.42
107.31
108.44
108.75
108.55
108.16
107.51
106.64
106.97
107.67
108.37
107.84
107.72
108.11
108.79
107.8
108.39
107.49
107.16
108.17
107.63
108.11
107.74
109.74
109.04
108.88
108.32
108.47
108.42
110.28
109.73
109.52
108.12
106.84
106.39
109.43
109.59
109.31
107.96
106.4
106.51
106.09
105.7
105.73
107.18
106.57
107.58
106.94
106.54
105.92
106.49
106.93
109.47
110.78
110.0
108.72
107.88
107.73
107.29
106.52
106.21
106.61
106.64
106.14
106.32
108.29
107.8
107.47
106.75
107.57
109.72
109.14
107.4
107.78
108.13
108.41
108.88
108.79
108.01
108.56
107.88
108.81
108.78
109.06
108.58
108.58
108.97
108.08
106.71
106.5
106.21
106.8
106.95
