56.40
59.8
62.51
64.14
66.92
68.3
75.71
76.91
80.25
80.15
80.92
81.28
81.71
81.66
83.35
84.05
85.05
87.83
87.74
85.91
83.65
82.74
82.31
81.61
81.4
81.24
81.05
80.26
80.46
82.02
82.02
82.31
81.57
82.92
84.39
85.16
85.33
85.4
84.62
84.06
83.99
85.01
85.36
86.12
86.38
86.14
85.82
85.06
85.38
84.9
85.01
84.68
85.11
83.69
82.39
81.19
81.99
82.59
83.61
83.57
82.84
82.69
83.62
83.4
82.99
85.13
84.79
84.69
83.8
83.41
83.96
83.88
83.76
84.19
84.66
84.73
84.21
83.67
80.08
80.61
82.33
83.5
82.6
82.77
83.44
83.15
85.03
84.7
82.83
83.61
84.22
83.92
84.4
85.22
85.83
86.07
85.94
85.93
85.79
85.46
85.99
86.31
86.62
86.55
82.93
84.11
83.87
83.09
83.02
82.95
82.16
82.46
82.43
81.32
81.39
85.45
86.57
86.27
86.5
85.36
85.55
84.37
84.48
83.86
83.42
85.05
86.17
85.11
85.78
84.71
84.33
84.99
84.53
84.11
85.97
86.27
85.47
84.5
84.82
84.19
82.95
82.59
83.39
82.39
82.91
81.57
81.57
80.32
80.97
81.88
80.18
80.65
83.62
83.08
82.54
81.72
80.91
81.47
80.98
81.27
80.6
80.67
82.78
83.53
84.22
84.22
83.69
85.27
85.45
85.46
85.14
85.22
84.36
85.18
84.93
85.31
86.17
86.59
85.81
88.95
88.86
88.58
87.43
86.8
85.48
84.51
84.17
83.55
83.56
83.76
84.7
84.48
84.13
84.3
84.84
84.65
85.47
84.83
83.7
83.35
