116.88
117.63
116.67
115.2
116.86
118.11
121.51
122.3
121.61
121.37
120.31
119.55
120.38
119.66
118.56
119.43
120.03
120.09
120.02
120.28
120.29
119.22
118.58
116.87
116.73
116.39
117.6
117.82
118.72
118.04
116.37
115.9
116.21
114.86
117.75
115.91
113.76
113.65
114.18
114.15
114.7
114.11
114.66
114.89
116.0
117.04
118.13
113.31
116.18
115.52
116.45
117.46
117.4
117.9
117.5
117.38
117.69
118.12
118.76
119.18
119.49
120.64
118.72
118.58
118.71
118.43
118.23
118.23
118.54
118.79
116.89
117.47
118.49
118.1
117.21
117.6
118.31
118.05
118.87
120.88
120.13
119.18
118.14
118.41
119.23
119.9
119.64
119.51
119.81
119.34
119.61
121.78
117.22
119.01
119.48
119.67
119.42
118.62
119.61
119.03
118.53
118.95
119.29
119.24
119.11
118.35
116.97
116.37
116.89
117.52
128.84
121.7
121.32
120.56
119.44
119.08
119.76
120.37
119.74
118.6
117.19
117.09
117.59
117.86
117.31
117.77
117.22
116.92
117.39
117.26
117.49
117.89
118.41
118.87
118.01
118.28
118.22
116.72
116.26
116.55
116.88
117.04
116.85
120.66
118.4
117.34
117.07
117.74
117.97
117.67
118.37
118.73
119.5
120.26
119.56
120.15
119.49
115.58
115.56
116.78
117.88
118.53
119.25
119.03
118.88
118.4
119.0
119.15
119.19
119.58
119.63
119.7
117.22
119.54
119.06
118.78
119.32
118.69
119.09
118.65
119.52
119.99
118.85
119.21
118.81
117.64
117.99
119.08
118.09
118.3
119.6
120.18
119.78
120.1
120.64
120.43
119.02
119.44
118.97
119.38
