96.66
97.67
97.83
97.57
98.17
99.46
95.64
96.3
96.34
97.67
98.38
99.33
98.46
98.45
96.11
95.71
94.44
97.25
99.82
98.75
97.18
96.49
94.78
93.24
93.32
92.09
90.75
90.36
92.57
93.02
92.29
93.69
94.21
93.62
92.72
92.0
91.76
91.88
91.53
92.6
93.8
93.52
96.03
96.81
95.61
99.56
98.96
98.16
97.94
97.67
96.97
97.44
98.26
97.66
97.38
97.28
97.12
97.17
97.26
96.79
97.61
97.84
96.93
92.58
90.71
91.97
92.14
92.3
92.28
92.79
93.16
93.82
94.35
95.66
95.69
95.09
94.22
94.66
93.9
93.16
92.32
93.23
93.82
94.53
95.42
96.39
97.7
99.34
97.87
97.19
97.52
99.91
99.32
98.6
97.19
96.97
96.66
97.42
97.03
95.4
97.56
97.11
97.14
95.93
97.08
95.87
99.3
96.07
96.07
98.63
98.56
99.56
98.8
98.26
98.19
93.88
93.26
93.26
93.8
94.59
95.9
95.57
96.52
97.6
96.55
98.26
100.0
98.61
96.72
96.97
96.51
95.53
95.38
94.84
95.37
94.97
96.81
96.73
97.28
97.26
96.96
96.74
94.51
100.0
97.43
96.71
96.13
95.79
96.4
96.24
96.64
95.92
95.95
96.35
97.0
100.02
101.55
99.66
98.0
96.38
96.56
95.89
95.6
95.6
97.11
97.85
97.27
97.32
97.46
95.81
94.73
94.96
95.06
94.47
95.35
93.86
94.42
95.25
94.85
95.65
96.08
96.18
96.48
95.89
94.91
95.34
94.89
96.26
97.4
101.06
99.96
99.32
98.25
97.48
96.55
95.89
97.39
97.53
97.76
98.01
