97.40
95.9
95.1
94.79
94.24
94.18
96.04
95.73
96.02
95.71
94.64
95.89
96.49
97.74
98.64
95.02
97.33
96.36
95.89
97.18
97.67
94.98
95.07
94.08
93.59
93.59
93.77
94.15
95.47
96.24
96.63
96.35
96.82
96.81
95.82
95.83
95.62
95.14
95.89
96.31
95.78
94.71
94.03
93.87
94.8
95.94
97.85
99.41
98.62
97.95
99.1
98.43
97.82
97.87
97.66
97.91
98.15
96.38
96.0
95.9
95.64
95.54
95.01
96.41
96.36
96.47
97.28
97.74
97.75
97.57
97.36
97.22
97.86
97.09
97.22
95.96
96.11
96.22
98.23
99.29
100.93
102.65
102.79
103.43
104.0
103.94
104.55
104.27
102.69
103.13
103.39
103.81
104.52
105.26
106.13
106.87
79.91
77.52
75.41
77.36
79.97
82.62
84.43
83.72
83.77
82.0
81.08
81.1
79.87
70.64
54.41
50.85
48.31
44.95
56.36
56.6
61.03
61.51
64.21
66.59
65.99
72.19
73.78
73.87
74.12
72.22
70.7
71.22
72.37
64.76
62.16
63.2
63.03
61.31
61.55
61.78
61.78
60.57
61.49
60.26
60.05
58.68
58.05
59.14
58.89
58.05
57.75
59.31
61.6
62.47
63.19
63.34
64.06
64.82
64.82
70.27
72.24
72.36
70.97
69.12
67.94
69.24
68.69
69.16
68.82
68.95
67.53
66.58
66.44
67.14
66.43
66.8
68.05
68.46
67.47
66.57
65.82
66.38
64.25
64.67
65.95
66.95
67.22
66.9
67.3
66.73
65.45
67.07
67.66
66.59
73.91
72.13
67.92
68.83
70.38
71.51
70.96
68.7
66.95
64.76
