64.98
63.59
63.0
63.64
64.66
65.29
65.8
65.64
65.17
64.5
64.9
64.6
63.4
64.64
63.9
64.7
39.94
48.89
50.36
49.76
48.14
50.94
54.47
55.53
56.35
59.07
56.86
61.34
59.75
59.75
49.53
50.97
51.64
54.99
54.24
56.48
57.9
59.15
59.32
59.09
60.99
61.62
61.01
61.35
48.9
64.03
69.57
68.39
68.71
68.32
68.59
67.64
67.7
67.49
67.07
66.72
66.49
64.62
72.62
64.75
62.86
61.21
66.16
67.57
66.16
64.64
66.0
65.95
67.6
67.17
66.51
65.62
65.66
66.58
67.15
67.76
67.94
67.01
66.33
65.67
67.02
67.23
65.76
64.75
64.12
61.95
61.95
61.89
60.04
61.28
62.46
62.56
63.24
62.65
54.16
48.11
61.04
64.12
67.42
64.53
68.1
67.94
66.01
64.91
65.67
85.54
93.95
94.22
94.81
95.05
95.27
95.31
95.57
95.64
95.61
94.03
94.64
94.91
94.25
91.88
91.31
91.25
90.73
91.46
91.66
91.37
91.32
91.23
91.86
92.55
92.48
92.35
92.1
91.38
90.42
89.9
90.65
90.64
90.19
89.86
91.43
91.17
90.72
89.43
88.73
88.86
88.85
90.14
90.91
86.07
89.95
90.23
88.83
91.32
91.51
92.07
91.62
92.37
92.64
92.91
92.51
92.23
92.22
92.18
91.72
90.67
90.79
90.45
90.35
90.5
90.4
90.09
88.23
89.19
90.31
91.97
92.1
92.94
93.64
93.13
91.37
90.08
90.26
91.96
92.83
91.34
89.99
90.56
90.58
89.37
88.95
89.81
90.34
90.34
90.41
89.82
90.63
89.98
88.99
90.33
