86.24
87.57
88.82
88.17
88.35
88.91
89.7
89.58
89.76
90.81
90.29
89.76
89.67
89.78
89.56
90.53
89.51
89.51
89.55
89.12
89.08
89.85
90.18
89.61
88.93
89.9
90.77
90.5
90.56
90.98
89.22
91.03
90.39
90.76
91.44
91.37
90.61
90.63
90.94
90.81
90.3
89.87
89.11
88.94
89.95
90.92
91.87
92.52
92.69
91.76
92.01
94.02
97.07
98.78
99.2
97.14
94.28
91.01
89.41
88.08
88.13
88.93
90.41
91.96
92.68
93.6
93.46
93.99
95.27
95.92
97.22
97.38
97.15
96.03
94.9
95.61
94.68
92.99
94.14
94.68
91.05
95.32
97.65
99.05
100.04
99.93
102.12
103.32
102.96
101.82
102.35
101.02
100.19
100.11
96.03
94.44
94.84
95.63
96.82
96.83
96.8
96.59
97.14
97.25
97.43
98.41
98.44
97.84
97.55
97.48
97.62
97.8
97.93
98.12
96.21
98.38
99.09
100.16
101.38
99.74
99.08
99.37
99.37
89.85
91.54
97.13
97.54
98.8
100.94
101.3
99.86
99.45
97.59
97.65
98.26
97.41
96.58
96.48
97.27
97.24
98.23
99.89
99.88
99.0
97.58
95.89
95.73
93.39
93.05
92.89
92.39
91.36
92.6
92.57
95.07
93.19
95.96
98.73
96.96
97.87
99.38
99.32
92.73
101.21
99.75
97.4
66.51
78.41
98.54
98.69
100.91
103.93
101.57
101.42
107.34
100.18
99.68
107.85
106.44
103.04
98.36
99.26
103.28
103.72
103.63
102.93
102.93
100.15
100.16
99.67
99.68
98.69
99.15
99.01
99.57
99.13
98.82
97.68
98.66
97.72
