99.11
98.41
97.84
97.06
97.21
99.09
99.25
99.69
100.1
101.44
99.83
99.52
99.44
98.74
98.74
97.85
99.86
99.17
98.75
98.85
98.96
97.85
97.46
97.4
98.2
102.67
103.35
102.26
100.49
98.15
97.32
96.89
96.44
97.17
97.84
98.09
98.43
98.66
99.17
100.48
103.42
100.25
98.91
98.6
97.38
96.53
96.38
96.94
97.5
99.21
99.16
99.41
101.84
100.2
101.02
100.81
101.11
102.06
101.51
102.82
102.8
103.06
102.47
101.54
100.53
99.9
99.14
99.2
99.34
99.04
99.43
100.14
99.71
98.87
98.38
99.63
99.62
99.4
98.85
98.89
98.59
99.37
98.18
98.15
99.17
99.11
95.89
95.79
99.79
98.71
101.29
102.25
101.79
102.76
102.97
101.61
100.33
99.51
99.19
98.95
100.41
101.6
101.51
101.12
100.22
100.46
101.14
90.99
95.44
94.08
95.72
96.44
97.63
97.63
100.37
100.83
99.87
99.62
99.7
100.93
101.84
101.62
101.64
101.52
101.18
98.43
101.85
103.23
103.23
103.23
102.38
101.84
101.84
102.16
102.1
100.44
100.95
100.76
100.84
102.08
103.08
102.23
101.03
100.91
100.91
100.35
100.15
99.43
98.15
97.16
99.93
99.61
99.04
98.48
56.9
39.48
75.95
100.98
101.19
101.72
101.03
101.63
100.53
102.25
101.32
100.67
100.43
100.85
100.38
100.62
99.31
99.04
98.12
98.0
98.87
99.2
98.08
98.17
98.68
98.89
99.32
100.06
100.64
100.64
101.19
98.28
96.38
96.78
96.45
97.4
95.26
99.98
98.34
100.9
99.48
99.24
98.58
98.15
97.56
96.58
