68.57
68.8
68.79
68.72
68.04
69.11
70.51
72.63
72.44
67.6
71.69
68.32
67.81
68.32
68.94
69.06
68.23
68.4
70.79
72.2
71.68
72.52
71.9
71.95
72.87
73.3
77.34
73.93
74.13
72.84
73.1
72.69
71.98
71.39
71.09
69.51
68.76
69.88
71.54
72.64
74.05
73.08
72.53
73.22
71.67
70.93
70.96
71.89
71.98
71.09
71.69
71.2
71.17
71.32
71.46
71.85
71.06
71.5
71.38
71.83
72.41
72.15
70.6
71.01
72.2
73.36
71.68
70.64
71.76
73.23
74.06
72.74
73.3
72.2
70.07
68.8
68.46
68.56
69.62
72.35
73.65
74.49
71.78
72.33
73.01
72.35
72.73
73.35
73.96
74.49
75.96
76.74
75.75
74.87
73.6
72.68
72.37
74.09
74.11
73.77
73.94
74.77
74.9
74.58
73.85
72.75
73.04
74.67
75.56
74.57
74.75
75.12
74.12
74.43
73.9
74.6
74.07
75.36
75.8
77.01
78.22
78.75
78.22
77.11
77.81
78.92
70.16
64.39
62.31
60.23
58.87
61.36
61.55
59.33
59.8
62.79
64.1
64.73
65.97
66.25
67.13
66.25
67.22
67.83
68.09
67.88
68.94
69.38
70.08
70.7
72.63
73.51
74.96
77.58
81.01
82.2
86.67
105.52
101.14
89.74
89.35
92.32
89.03
88.88
88.66
87.57
87.23
87.54
88.07
88.45
88.97
89.03
87.92
87.65
87.5
88.17
88.37
88.97
89.23
88.89
89.81
89.91
90.0
89.89
89.42
89.14
88.91
88.64
89.05
87.85
89.92
90.3
91.05
90.22
89.87
89.78
90.16
90.1
90.12
90.06
