88.59
88.16
88.34
88.08
87.42
86.97
87.6
87.51
87.72
87.54
87.96
88.41
88.46
87.58
87.73
87.33
88.6
88.6
88.93
89.17
90.11
89.72
89.22
89.01
88.59
88.57
88.55
88.69
88.64
88.85
89.01
88.44
88.68
89.26
89.26
89.64
89.75
89.62
90.11
90.02
90.28
89.43
89.62
90.05
90.43
91.25
86.97
89.62
89.46
90.2
89.88
88.8
88.61
87.94
88.33
87.9
87.32
87.18
87.79
88.64
88.17
88.62
88.37
86.97
86.26
86.96
87.08
87.13
87.68
89.6
88.01
87.48
87.79
87.89
88.39
88.86
88.26
88.34
87.73
87.8
88.84
85.76
85.18
85.82
86.33
86.32
86.71
86.81
87.34
87.42
88.29
88.73
88.8
88.8
88.43
87.17
88.74
89.81
89.48
89.46
89.91
90.15
90.05
88.95
90.26
90.51
89.22
89.63
89.5
89.43
89.41
89.36
88.73
89.29
89.13
88.94
87.51
89.39
89.31
90.1
89.61
89.02
89.13
88.59
89.23
89.57
89.45
89.87
88.08
87.87
87.14
87.44
87.62
87.7
87.27
87.56
87.59
87.42
87.01
87.06
87.42
88.12
88.12
87.4
87.51
86.4
85.18
85.95
87.27
87.55
87.14
86.75
86.78
86.4
86.41
86.91
87.78
87.33
84.51
86.43
86.21
86.97
86.34
86.26
86.62
87.41
87.41
87.73
88.06
87.97
87.52
81.16
78.95
81.71
82.97
84.7
85.34
85.7
85.75
86.73
86.67
86.8
86.29
85.94
86.5
86.7
87.2
87.14
87.76
88.58
88.56
89.18
89.54
89.31
87.63
88.92
87.54
87.5
86.83
86.26
