105.32
105.8
106.93
106.18
105.7
105.43
105.28
106.02
106.26
106.76
106.39
106.32
106.54
105.09
105.66
105.3
105.18
105.33
105.15
105.33
105.43
105.53
105.71
105.89
105.89
106.11
106.35
106.03
106.03
105.71
105.46
105.25
105.58
105.35
105.78
106.17
106.47
106.65
106.16
105.81
105.55
105.16
105.02
103.76
103.93
104.04
104.4
105.11
104.89
105.12
105.72
105.93
105.89
105.41
105.32
105.13
105.28
105.52
105.69
105.06
105.25
105.67
105.5
105.79
105.86
105.52
105.18
104.98
105.36
105.59
105.19
105.72
105.31
105.14
105.41
105.23
105.2
104.52
104.77
105.44
105.18
105.3
104.84
104.82
105.72
105.78
104.94
104.89
105.13
105.53
105.96
106.6
106.08
105.35
105.37
105.42
105.51
105.97
106.63
106.36
105.97
105.95
105.44
105.33
105.2
105.66
105.47
106.23
106.35
105.84
105.74
105.45
104.18
105.68
105.37
105.37
105.69
106.26
106.07
106.06
105.93
105.03
105.32
104.5
104.62
105.28
105.68
105.87
106.09
105.69
105.41
105.39
105.84
105.86
105.6
105.42
105.42
105.58
105.58
104.7
105.16
105.37
104.96
105.31
105.21
105.69
105.88
105.02
105.07
105.13
105.18
105.52
105.46
105.19
105.62
105.72
105.54
105.19
104.85
104.92
105.25
105.53
104.81
105.19
105.14
105.36
105.5
105.84
106.93
106.03
105.84
105.42
105.91
106.08
106.24
105.97
105.63
105.52
104.96
105.47
105.09
105.63
105.72
105.51
105.44
105.14
104.98
104.86
104.43
104.44
104.94
105.25
105.44
105.57
105.73
106.14
105.6
105.3
107.08
104.74
