99.27
99.32
99.44
99.25
99.17
98.87
98.67
98.94
98.56
98.9
99.15
98.89
99.07
99.42
99.28
99.05
98.78
98.51
98.14
97.58
97.21
97.65
98.06
98.47
98.4
98.48
98.45
98.05
97.94
98.01
98.13
98.46
98.52
98.82
98.89
99.14
98.87
98.72
98.65
98.74
99.25
99.41
99.01
98.48
98.09
98.24
98.26
97.8
97.56
97.94
98.6
98.81
98.71
98.36
98.34
98.28
98.82
98.6
98.36
98.42
98.23
98.23
98.69
99.11
99.34
99.19
98.95
99.02
98.8
99.07
98.94
99.16
98.99
98.78
98.69
99.09
99.39
99.7
99.71
98.93
99.14
98.86
98.59
98.75
98.77
98.65
98.24
98.1
98.36
98.47
98.68
98.47
98.24
98.26
98.52
98.77
98.46
98.83
98.78
98.71
98.9
98.96
98.63
98.42
98.1
98.47
98.59
99.13
99.34
98.84
98.93
99.07
99.38
98.76
98.5
99.23
99.31
98.47
97.91
97.84
98.44
98.65
98.34
98.72
98.53
98.43
98.41
98.58
98.57
98.9
98.36
98.29
98.26
98.47
98.59
98.31
99.04
99.28
98.82
98.67
98.41
98.96
99.39
99.32
99.4
99.24
99.03
98.73
98.61
98.73
98.76
99.02
98.96
98.65
98.64
98.29
98.45
98.45
98.89
98.69
98.2
98.19
98.12
97.93
97.56
97.89
97.81
97.63
98.31
98.29
98.88
98.59
98.86
98.86
98.88
98.62
98.4
98.5
98.36
98.46
98.65
98.74
99.0
98.93
99.14
98.81
98.76
98.59
98.78
98.43
98.09
97.91
98.07
98.1
98.25
98.04
98.22
97.91
98.03
97.68
