101.87
103.91
104.1
103.36
102.15
98.53
103.61
103.63
100.18
104.8
104.02
102.08
101.89
103.82
105.5
106.06
108.12
110.52
103.72
103.34
104.1
105.04
105.24
100.15
96.6
100.71
100.2
99.19
97.37
98.79
97.46
98.7
100.59
102.36
103.39
102.82
104.28
96.75
98.6
101.89
99.69
102.83
107.02
106.6
106.0
104.92
105.48
103.63
102.4
102.89
102.89
104.92
111.77
114.72
114.0
110.53
109.01
108.55
109.87
108.49
107.92
110.49
104.81
106.21
106.47
105.01
106.33
105.72
105.27
104.61
105.52
104.69
104.91
102.74
102.29
102.97
103.36
104.02
104.78
105.35
101.53
93.87
104.79
109.13
106.46
107.23
107.2
105.7
106.77
106.15
106.62
108.17
106.73
105.85
103.91
103.65
103.16
95.67
101.76
103.82
102.29
101.34
104.6
106.23
104.38
103.08
102.66
102.87
103.83
102.16
102.34
106.12
104.39
104.15
102.75
107.67
105.53
102.95
102.57
102.77
101.65
103.29
102.89
104.54
104.16
104.47
96.48
95.77
101.84
104.5
104.24
112.57
114.23
110.19
108.7
110.02
108.78
107.92
107.3
108.16
104.94
102.99
103.99
103.65
103.27
106.27
108.96
102.67
98.85
102.9
107.47
108.9
106.18
106.48
103.91
107.85
110.35
105.61
104.89
103.73
104.66
104.38
103.62
105.16
103.56
99.77
110.24
106.96
102.33
102.33
100.43
101.19
103.82
105.26
104.12
103.55
103.14
104.75
92.17
89.85
91.96
98.77
98.14
99.32
101.1
103.41
104.17
103.59
102.92
104.67
106.09
106.02
104.94
105.28
105.32
104.45
105.63
88.91
90.2
95.8
