90.69
91.19
91.53
91.26
91.43
93.57
92.99
92.81
94.31
94.07
93.12
93.12
90.9
89.37
90.18
91.66
91.47
91.87
92.27
91.99
91.9
92.83
92.8
91.41
98.86
95.93
96.83
90.81
93.19
92.74
92.91
94.27
96.56
89.28
92.6
91.44
90.8
90.01
90.2
88.85
89.88
93.83
92.53
92.53
95.26
95.09
92.33
91.77
92.19
91.64
91.78
101.11
99.57
98.89
95.57
95.72
93.79
93.15
94.68
93.72
93.47
93.12
93.98
94.2
93.9
93.81
94.09
95.81
89.01
89.02
88.59
92.17
91.74
90.51
91.66
93.47
93.49
93.58
93.76
93.79
93.71
92.69
93.77
100.52
100.29
101.17
98.45
98.11
98.07
98.71
98.47
97.22
95.71
93.91
92.89
92.12
93.58
94.45
95.72
94.13
93.4
93.61
93.24
93.33
94.46
95.06
95.77
95.37
96.04
96.57
94.28
92.85
91.8
91.54
91.71
92.52
92.45
93.17
93.08
91.95
97.49
92.32
94.92
91.52
91.57
93.18
94.56
93.54
92.34
85.64
91.55
91.01
92.41
92.33
93.09
93.14
93.19
95.35
94.77
94.44
94.77
94.24
93.88
96.09
90.52
91.01
92.59
92.65
93.27
91.2
93.86
102.98
101.46
93.44
91.52
93.68
95.02
95.27
92.57
92.0
94.39
93.39
93.49
92.84
91.57
96.31
95.61
90.77
91.92
90.71
91.74
92.15
92.42
84.18
85.31
91.24
92.86
94.15
94.29
93.96
95.36
95.58
97.14
96.72
94.95
95.54
95.29
94.41
94.45
95.06
94.61
93.2
92.48
-83.23
-80.56
-80.27
-79.98
-80.68
-80.98
-79.55
