-81.97
-83.27
-84.1
-84.32
-84.3
-83.9
-83.87
-83.65
-83.43
-85.16
-84.86
-84.15
-84.07
-84.05
-83.64
-83.2
-81.66
-86.15
-85.05
-84.39
-83.87
-83.07
-83.16
-82.37
-82.52
-82.98
-82.6
-83.78
-84.0
-84.4
-84.61
-86.07
-86.32
-85.68
-83.75
-81.89
-84.75
-86.07
-85.66
-86.07
-85.09
-84.28
-87.5
-88.21
-87.82
-87.61
-90.01
-82.5
-90.73
-91.87
-91.95
-91.16
-89.38
-90.29
-87.32
-88.66
-89.03
-87.97
-87.88
-87.65
-86.57
-84.69
-83.51
-83.61
-83.43
-83.02
-83.31
-83.48
-82.65
-82.96
-83.41
-83.47
-83.54
-83.47
-83.92
-83.7
-84.32
-85.07
-84.53
-84.17
-83.99
-84.29
-84.77
-85.92
-86.13
-86.0
-85.19
-84.81
-85.12
-84.88
-84.62
-86.44
-85.77
-85.07
-84.1
-83.28
-83.06
-82.79
-83.38
-83.67
-83.7
-83.8
-83.19
-82.57
-82.95
-83.52
-83.85
-83.97
-83.51
-83.13
-82.69
-83.14
-84.09
-83.83
-83.67
-83.94
-84.25
-83.2
-84.21
-84.53
-83.86
-83.99
-84.01
-84.38
-84.66
-84.28
-84.25
-84.54
-84.72
-85.19
-83.41
-84.29
-83.85
-83.53
-83.97
-83.69
-83.51
-83.15
-84.02
-84.42
-84.43
-83.15
-84.11
-84.48
-84.19
-84.0
-84.56
-84.5
-84.63
-83.97
-85.67
-85.74
-85.74
-84.96
-84.47
-84.22
-84.22
-84.45
-84.4
-84.02
-84.25
-85.25
-84.34
-83.61
-83.37
-84.04
-84.13
-84.15
-84.78
-81.01
-82.58
-82.47
-83.21
-84.22
-84.67
-84.84
-84.58
-84.59
-84.65
-85.1
-86.43
-87.12
-86.89
-86.97
-86.26
-85.13
-84.74
-84.51
-83.98
-83.66
-83.88
-83.57
-83.83
-83.84
-84.02
-84.06
-83.54
-85.45
-85.83
-85.5
