86.37
87.09
87.28
87.65
92.67
92.76
90.46
88.42
88.71
89.19
89.76
90.35
91.35
91.24
91.83
92.53
92.71
91.96
91.66
91.68
91.66
91.64
92.06
92.11
92.61
93.06
92.77
92.19
92.72
93.59
94.18
92.98
92.2
92.77
93.16
92.62
92.25
92.73
93.09
92.99
92.94
92.48
91.91
91.17
91.2
91.03
91.5
98.5
88.82
88.7
88.26
88.35
88.69
88.62
88.9
86.9
88.58
87.27
86.06
88.05
86.11
85.52
85.7
86.38
86.74
86.69
95.52
94.81
86.62
87.63
88.59
89.43
88.5
88.01
87.83
89.39
90.94
89.54
89.14
89.21
90.05
89.56
89.63
89.41
89.03
88.87
88.24
87.8
91.93
93.89
94.0
93.63
92.9
92.44
91.66
93.57
88.46
88.23
87.87
87.41
87.97
88.74
88.41
88.59
89.34
89.98
89.77
88.96
89.72
90.19
89.86
88.81
88.03
86.6
86.18
86.68
86.66
87.48
88.44
87.87
88.03
90.2
90.29
90.6
90.65
90.17
90.5
90.75
91.87
92.2
91.13
90.27
90.11
89.95
89.83
89.56
90.53
89.97
89.69
89.38
89.0
88.81
87.19
91.2
87.79
84.35
83.02
83.32
84.4
83.92
82.42
80.62
80.26
83.72
84.95
86.46
86.81
86.94
84.09
88.54
86.14
86.71
88.65
88.85
92.19
91.48
89.83
92.13
92.1
93.92
89.03
90.44
91.56
89.24
88.63
87.51
87.19
85.24
86.67
88.12
-83.45
-85.01
-84.87
-85.56
-84.49
-85.72
-87.21
-83.77
-83.17
-83.4
-84.38
-84.33
-84.25
-84.57
-84.14
-81.84
-83.56
-85.56
-85.61
-85.75
