92.14
92.21
92.32
93.01
93.4
93.41
93.44
93.81
95.8
93.25
92.76
92.65
93.46
92.91
93.11
92.54
92.79
92.85
93.19
93.25
93.22
92.87
92.99
93.66
93.77
92.03
91.56
92.42
92.87
93.12
92.98
93.19
93.24
93.24
94.01
93.56
92.83
86.74
88.44
88.93
89.61
89.21
88.69
88.05
86.73
85.36
-82.3
-83.43
-83.78
-82.03
-81.33
-82.21
-83.0
-84.12
-83.88
-84.41
-83.9
-84.2
-84.1
-83.94
-83.88
-83.01
-83.93
-84.19
-83.53
-83.11
-83.04
-83.12
-83.75
-85.08
-86.39
-86.12
-86.34
-83.74
-83.7
-83.76
-84.7
-83.03
-82.97
-83.26
-84.61
-84.71
-84.76
-85.91
-88.07
-89.92
-91.38
-88.27
-86.15
-85.31
-85.14
-85.13
-85.36
-86.4
-90.59
-87.68
-88.28
-87.6
-90.07
-90.55
-91.29
-92.62
-91.31
-92.24
-91.91
-90.76
-90.25
-89.82
-89.56
-90.42
-87.71
-88.37
-88.7
-89.09
-90.3
-91.72
-92.17
-90.14
-88.79
-91.89
-90.79
-89.73
-90.3
-91.37
-89.65
-87.69
-85.04
-86.25
-86.7
-84.61
-92.09
-93.41
-94.11
-93.26
-95.86
-96.75
-94.2
-91.94
101.97
101.86
101.28
100.55
100.06
99.55
98.32
97.86
98.04
97.91
99.37
99.11
98.47
98.49
98.58
99.43
99.58
96.99
98.69
97.88
96.87
96.44
96.94
97.28
97.39
97.39
98.14
96.93
97.63
97.87
97.35
96.35
97.51
99.84
100.02
99.21
99.11
99.42
99.07
99.17
99.49
100.27
99.17
99.14
99.4
98.95
98.62
98.22
97.69
97.55
97.48
96.83
96.73
97.61
98.0
98.33
99.13
99.16
99.77
98.98
98.76
97.46
