96.23
96.33
96.68
97.78
97.97
96.58
96.35
95.42
95.84
97.3
97.36
96.95
96.45
96.66
97.22
97.36
98.65
99.25
95.22
95.86
96.25
96.52
97.57
96.84
95.74
96.41
96.88
97.61
96.76
98.02
98.44
97.68
98.14
96.51
96.49
94.76
95.86
96.82
97.75
98.37
98.38
100.11
99.89
99.01
98.62
98.47
98.45
98.4
97.72
102.97
99.36
98.76
98.44
98.05
97.39
96.73
98.0
97.52
96.47
95.57
97.22
95.78
94.15
94.61
95.51
96.29
96.36
96.04
95.68
95.37
95.66
95.75
96.92
96.52
97.37
97.41
96.59
95.33
96.52
97.53
97.61
97.9
96.91
96.4
97.33
97.35
97.88
96.79
93.27
95.61
97.31
97.83
98.15
96.52
95.81
102.28
98.88
98.09
97.23
97.77
99.11
101.07
100.66
100.45
100.45
100.45
101.56
101.8
100.6
99.95
102.19
103.86
100.04
99.26
98.1
96.52
96.7
96.13
102.73
101.81
96.18
93.74
94.14
91.7
92.59
93.26
94.16
97.45
97.72
96.77
96.01
96.45
95.36
89.32
86.94
87.84
85.39
84.27
87.12
88.49
88.56
79.78
79.62
86.05
90.64
89.38
89.39
76.54
76.6
78.41
111.72
115.04
-77.45
-77.64
-79.43
-80.22
-80.84
-81.96
-82.07
-81.19
-77.78
-84.32
-85.62
-86.46
-85.82
-86.25
-84.93
-83.81
-84.2
-86.87
-86.6
-86.19
-84.95
-84.33
-86.71
-85.77
-86.14
-87.45
-87.87
-78.48
-79.82
-81.27
-83.11
-84.91
-84.15
-85.48
-87.1
-86.11
-86.17
-84.94
-86.66
-85.39
-83.46
-83.77
-84.83
-87.83
-86.14
-85.2
-85.25
-85.72
