-84.46
-86.93
-88.18
-83.02
-83.59
-82.22
-86.51
-87.1
-85.76
-84.09
-85.17
-85.04
-85.38
-84.26
-84.26
-84.82
-85.97
-85.58
-85.89
-85.3
-86.49
-83.95
-83.45
-85.8
-85.84
-84.65
-84.79
-86.28
-86.03
-86.25
-86.25
-85.43
-85.59
-85.13
-86.42
-86.65
-88.51
-89.59
-87.89
-88.74
-82.84
-86.08
-86.74
-85.75
-84.34
-84.13
-83.7
-84.0
-84.2
-83.78
-84.38
-83.88
-86.15
-83.51
-85.97
-84.73
-86.28
-87.37
-82.87
-82.65
-83.07
-82.73
-83.73
-85.48
-85.79
-86.5
-85.36
-87.79
-87.82
-87.29
-86.04
-86.24
-85.99
-85.22
-83.71
-83.41
-83.98
-84.9
-84.55
-84.64
-85.12
-84.69
-84.12
-83.41
-84.52
-85.69
-85.93
-90.52
-90.77
-87.83
-85.36
-87.09
-88.82
-87.89
-86.75
-85.29
-85.46
-85.07
-84.92
-82.82
-84.08
-82.5
-85.51
-87.82
-87.33
-86.36
-87.01
-85.38
-85.41
-96.96
-86.45
-85.32
-86.85
-87.39
-88.23
-91.11
-90.07
-86.74
-84.19
-84.95
-83.9
-83.66
-85.84
-84.53
-84.45
-82.65
-82.93
-82.93
-83.59
-84.21
-80.34
-87.0
-85.68
-85.89
-97.32
104.41
104.34
143.91
-96.65
-149.15
-95.14
-94.5
100.75
103.26
104.2
103.29
100.64
98.69
100.9
102.1
102.31
102.28
101.17
102.2
90.7
96.96
96.33
97.78
100.62
107.5
107.31
105.76
102.44
102.33
102.73
102.16
100.62
99.9
100.18
98.53
97.96
97.89
98.0
102.46
101.94
100.58
99.69
100.5
101.19
101.27
98.99
98.9
98.82
98.1
98.85
98.92
100.14
100.58
104.99
106.34
102.98
105.16
105.2
100.41
94.54
96.16
99.05
100.14
100.19
98.78
