99.99
98.8
98.44
99.2
99.21
99.71
101.33
99.24
99.04
99.46
99.01
99.01
99.54
98.86
98.38
101.38
99.79
100.95
104.57
104.89
103.95
105.21
104.55
104.81
104.55
100.45
101.32
102.22
103.13
103.69
106.97
108.17
106.78
101.33
104.04
100.33
99.35
98.7
99.16
97.51
98.69
100.0
102.25
102.3
103.32
103.74
104.7
104.67
102.1
100.55
100.04
99.89
105.1
105.1
101.96
100.05
97.81
96.82
96.12
90.38
-83.07
-84.22
-84.32
-87.47
-79.57
104.71
102.88
104.55
104.04
103.82
104.17
104.47
103.47
103.24
104.25
104.25
104.73
103.67
102.86
102.16
101.82
102.38
103.31
104.0
104.31
103.26
102.76
102.53
103.25
103.64
103.03
103.99
102.64
102.2
102.27
103.01
102.84
104.02
103.41
104.28
105.88
104.84
101.93
102.08
102.19
101.61
102.73
104.16
103.9
104.86
103.87
103.5
103.73
103.06
102.61
103.49
103.8
104.23
103.35
103.06
102.68
103.08
101.87
101.71
102.54
103.12
103.05
103.46
103.78
103.56
103.2
103.52
103.05
102.13
102.16
103.29
103.41
104.09
103.85
104.31
103.44
102.95
103.32
103.0
102.5
101.25
101.33
101.59
102.27
102.41
103.33
103.03
103.34
103.25
102.1
103.08
102.38
102.19
102.48
104.39
106.03
106.0
105.76
104.94
104.3
103.37
103.74
104.63
103.98
103.85
103.25
104.26
104.21
103.21
102.35
102.58
102.84
103.31
104.34
103.69
102.88
104.41
104.93
104.99
104.79
103.78
102.94
102.44
102.98
103.26
103.34
103.62
103.75
102.85
102.3
101.79
103.01
103.07
102.35
102.5
