102.88
102.47
102.99
103.31
103.47
103.53
103.48
103.74
104.3
103.67
103.36
102.09
101.47
101.88
102.74
102.1
102.46
104.05
103.72
103.71
102.89
103.03
103.12
103.4
103.81
105.27
102.13
102.26
103.74
104.35
104.18
104.51
104.31
103.66
104.68
104.95
105.33
104.44
103.71
102.97
103.35
104.03
104.62
104.26
104.28
103.75
103.71
104.5
104.88
104.69
104.25
104.42
104.65
103.53
102.45
102.25
102.5
105.97
104.79
104.81
103.98
103.48
103.7
102.49
102.76
103.07
103.47
102.82
102.74
101.84
101.48
102.34
103.0
104.45
104.59
103.8
102.85
103.15
103.15
102.98
102.21
102.53
102.57
103.13
104.32
103.34
103.59
103.24
103.54
104.14
103.67
103.62
102.42
102.69
102.93
102.66
104.11
104.16
103.21
103.89
103.47
103.8
104.22
104.85
105.01
103.96
103.44
103.04
102.86
102.56
103.48
102.67
102.7
103.0
103.44
104.07
104.29
104.33
103.82
103.99
103.45
102.33
102.15
102.15
104.03
102.87
103.08
102.52
102.86
102.82
102.21
102.57
104.34
104.0
100.45
100.45
101.13
101.02
101.66
101.68
102.92
102.84
102.9
102.72
102.68
102.7
103.01
102.81
103.53
103.94
104.32
104.07
103.53
102.83
102.99
102.87
102.8
102.96
103.08
103.57
103.14
102.82
102.8
102.55
103.0
103.64
104.01
103.9
103.68
103.83
103.16
102.71
103.15
102.35
102.69
103.66
103.95
103.26
102.81
103.56
103.96
103.5
102.88
102.88
102.8
103.83
103.28
103.19
102.31
101.19
101.18
101.05
102.33
101.99
103.27
103.77
102.85
101.75
102.28
102.44
