105.19
104.48
103.42
103.79
104.66
104.68
104.4
104.71
104.52
105.57
105.39
103.98
105.34
106.01
105.71
105.89
105.62
104.87
104.69
105.2
104.48
103.95
103.78
103.5
103.38
103.33
102.77
103.47
104.15
104.27
104.02
104.2
103.23
104.76
105.46
104.35
105.62
105.91
105.86
105.71
105.89
104.93
103.96
104.46
104.15
103.92
103.84
102.87
102.68
102.78
103.76
103.77
103.04
103.58
104.09
104.36
104.57
104.49
104.08
104.29
104.94
105.16
105.24
104.29
103.89
102.56
102.74
104.03
104.76
105.09
105.42
104.48
103.76
104.14
105.13
104.98
104.71
106.76
109.44
109.5
108.45
108.05
106.79
106.27
106.89
107.13
107.08
106.59
106.47
106.56
105.89
105.28
104.03
103.98
105.3
104.56
105.04
104.9
104.79
104.12
102.7
103.44
104.62
106.15
107.29
106.8
105.4
104.4
104.77
104.2
104.32
103.96
104.31
103.8
102.66
102.56
102.74
103.55
102.7
104.59
104.4
106.03
104.89
106.5
105.88
105.7
104.52
103.99
103.54
103.39
104.15
103.71
103.38
103.94
103.87
104.44
104.85
104.56
104.82
105.27
105.38
105.91
104.82
104.3
105.25
105.25
104.94
105.57
106.42
107.06
107.8
109.75
102.0
102.58
103.72
104.61
103.38
102.8
103.05
103.63
104.89
104.77
105.71
105.3
105.24
103.24
102.73
104.37
105.76
106.66
105.91
104.61
104.48
104.83
105.3
104.84
104.95
105.55
103.93
105.03
104.67
105.29
105.03
105.36
103.62
105.22
106.48
105.24
105.75
105.84
105.6
104.59
104.76
103.82
103.21
103.74
104.44
104.46
104.12
102.27
