99.88
98.34
99.15
100.29
99.25
99.83
99.71
98.79
99.07
99.38
99.55
99.55
99.36
99.7
99.28
99.12
99.49
99.15
99.35
99.76
99.76
99.74
99.7
100.39
101.07
100.65
100.54
100.33
100.06
99.47
98.99
98.68
99.78
99.8
99.58
99.77
99.37
99.21
100.09
100.13
100.17
99.36
99.68
98.65
98.31
99.02
99.01
98.37
99.3
98.21
98.87
99.33
98.49
98.57
98.89
98.67
99.4
99.98
100.44
101.11
101.01
100.42
99.34
98.8
99.03
99.09
99.21
98.74
99.13
99.76
99.52
99.39
99.82
99.95
99.49
99.02
99.23
99.4
98.71
98.54
98.23
98.32
98.49
98.43
99.07
97.56
98.61
99.31
99.03
99.42
99.36
99.39
99.12
99.28
99.22
99.14
100.15
100.37
100.13
99.96
99.65
99.13
98.85
98.9
99.28
99.57
99.74
98.95
99.79
99.04
99.66
99.72
100.07
100.28
100.67
100.36
100.29
99.84
99.66
100.21
100.59
100.68
100.42
99.86
99.36
99.44
99.04
98.78
98.49
99.06
98.99
98.43
98.63
99.32
99.87
100.17
99.88
99.63
99.7
99.63
99.49
99.14
99.16
99.18
99.35
100.05
100.3
100.19
100.05
99.08
99.18
99.32
99.23
98.72
99.05
99.67
100.17
100.02
99.46
100.2
99.82
99.12
99.24
99.8
100.04
99.35
99.89
99.93
99.12
98.73
98.96
98.68
99.78
99.71
99.46
99.23
99.24
99.57
99.74
99.38
98.85
99.15
99.78
100.09
100.21
100.26
100.36
99.7
100.13
100.15
100.17
100.52
100.64
100.98
100.43
100.13
99.87
100.05
99.72
98.77
