-91.06
-95.25
-95.75
-96.26
-95.91
-96.49
-92.98
-95.48
-96.62
-94.39
-93.27
-92.53
-92.43
-93.55
-92.19
-91.18
-92.31
-92.85
-93.11
-99.17
-99.17
-104.83
-106.6
-107.31
-101.92
-99.22
-100.71
-102.07
-100.26
-98.59
-99.45
-98.84
-98.84
-99.54
-100.33
-99.04
-100.46
-101.42
-101.51
-101.45
-101.42
-102.06
-99.54
-100.58
-101.1
-101.41
-101.92
-102.61
-101.46
-101.21
-101.11
-100.4
-100.94
-92.65
106.99
102.36
95.9
95.03
94.26
92.98
92.42
93.27
92.38
93.29
93.81
93.75
93.75
94.92
94.88
95.62
94.15
93.04
92.71
92.72
92.84
91.36
90.21
90.77
90.45
90.08
89.41
95.92
93.62
92.52
92.73
92.84
92.98
91.36
91.57
91.22
90.63
90.98
91.42
92.05
92.35
92.68
92.96
92.66
92.67
93.2
92.76
92.69
92.8
92.56
93.06
92.34
91.91
91.12
91.3
92.51
91.8
91.63
90.79
91.15
91.53
92.03
91.45
90.44
89.19
90.51
91.04
90.55
91.16
91.25
91.55
91.51
92.24
91.48
92.61
89.96
88.24
88.89
88.53
88.79
89.8
90.28
88.69
90.2
91.77
92.96
92.52
92.91
89.48
93.87
92.54
93.36
93.89
92.1
92.61
92.91
94.12
93.54
93.36
92.45
92.89
93.53
93.53
94.44
93.82
92.87
91.55
90.27
90.38
89.68
90.07
89.93
90.64
91.17
92.98
92.98
92.0
91.68
92.96
92.81
92.26
91.63
90.37
90.23
90.1
90.4
90.05
89.81
90.15
90.65
90.96
92.19
91.8
91.7
92.6
92.41
93.7
94.4
94.0
93.29
93.04
93.36
92.94
91.01
89.76
91.05
