102.35
103.07
104.31
103.88
104.25
104.26
103.82
102.44
103.83
104.05
103.55
103.39
103.08
102.79
102.3
101.77
102.07
101.19
102.35
103.81
102.39
102.62
102.6
102.6
103.0
103.14
102.98
103.18
103.45
103.39
103.13
103.61
103.94
103.64
103.8
102.82
105.99
104.48
104.35
103.27
104.44
104.42
103.4
102.57
103.11
102.57
100.08
100.63
101.01
101.17
101.17
102.14
103.04
102.52
102.3
101.58
104.98
102.67
102.21
102.58
102.41
100.7
102.09
101.01
101.45
101.76
101.28
102.64
102.79
102.38
102.9
103.08
102.11
102.21
100.61
100.16
103.93
104.89
103.33
103.77
103.77
103.29
103.18
104.64
105.41
105.25
104.79
103.57
102.58
102.08
101.09
101.73
101.67
101.84
103.02
102.66
101.88
101.91
101.3
102.13
103.89
103.31
103.26
103.21
102.06
102.5
102.83
103.71
103.95
103.9
103.51
102.82
103.08
105.03
104.35
103.07
102.6
102.04
101.98
101.32
101.37
101.94
102.64
103.22
103.21
102.42
101.33
102.7
103.73
102.71
103.36
102.98
103.48
103.31
104.2
103.51
101.69
105.15
106.15
104.22
102.83
102.99
102.58
103.06
103.89
102.52
101.31
101.69
104.74
102.22
103.2
103.3
102.39
102.69
102.27
102.65
102.43
101.62
101.46
102.17
103.03
103.92
102.38
102.25
102.85
103.14
103.54
103.6
104.88
104.61
106.6
106.19
106.33
106.86
105.78
104.59
103.79
103.9
102.15
101.4
101.81
101.86
101.31
101.83
102.03
102.18
102.78
101.72
100.02
100.42
101.44
101.78
102.4
101.84
101.35
101.63
101.49
101.53
101.46
103.0
