104.44
104.41
104.7
102.15
99.63
101.35
101.97
102.39
103.0
102.26
101.97
101.65
101.53
102.14
102.5
102.28
101.93
101.64
102.03
101.46
100.48
96.65
95.54
98.26
96.91
96.32
96.83
95.83
96.13
95.35
95.01
94.49
94.07
94.42
95.1
95.91
97.34
98.6
98.71
99.26
100.16
100.38
101.08
101.91
102.1
99.85
102.67
102.85
102.31
102.26
101.76
101.51
101.3
101.91
102.5
102.11
101.87
101.39
101.35
102.07
103.39
103.45
102.99
103.22
102.79
102.61
102.53
102.48
102.4
102.82
102.88
102.95
102.46
103.28
103.46
102.83
102.39
100.99
101.1
101.51
103.03
102.66
102.92
103.6
104.5
104.72
103.92
103.05
102.44
102.38
102.02
102.34
103.1
103.01
102.49
101.45
101.41
101.51
101.78
101.93
102.46
103.09
102.95
102.92
103.17
102.28
102.42
102.66
103.35
102.71
102.03
101.65
101.71
101.72
102.39
103.9
102.93
101.69
101.63
101.81
106.15
101.16
101.63
102.15
104.18
102.24
102.21
101.72
102.42
102.25
102.57
105.09
104.62
103.33
102.83
102.4
102.16
100.2
99.83
101.42
100.11
100.63
101.01
97.77
98.71
101.38
101.21
101.33
102.06
102.97
101.57
101.15
101.48
101.53
102.47
101.33
97.34
104.22
104.22
104.61
104.49
103.05
103.11
103.64
105.99
103.92
104.34
102.64
105.19
102.1
102.89
103.14
104.11
104.6
104.27
104.7
101.39
102.07
101.8
102.42
103.14
102.56
101.94
102.24
102.27
102.17
102.79
103.06
102.34
101.27
100.8
102.1
102.35
104.22
104.04
103.39
103.6
104.04
104.42
104.8
