100.74
100.11
100.14
100.46
99.99
100.44
100.93
101.16
100.76
101.05
100.71
100.46
100.48
101.34
102.01
101.9
101.75
102.91
102.74
102.67
102.74
102.8
102.96
102.96
102.21
100.69
99.58
99.08
99.32
99.26
99.35
99.05
99.22
99.05
96.8
98.97
99.87
98.8
98.24
97.39
97.37
97.73
98.08
98.15
98.57
94.35
96.56
97.33
98.19
98.99
99.66
99.12
98.8
99.3
99.26
99.69
98.76
98.43
98.55
98.4
98.15
98.09
98.1
100.07
100.69
101.43
101.31
101.78
101.96
101.12
100.62
100.31
99.8
99.65
99.3
99.61
100.24
101.31
100.55
100.27
99.71
99.41
98.91
98.27
98.63
98.41
98.3
97.72
101.37
98.37
98.58
97.21
98.08
97.68
97.38
96.88
97.4
98.65
100.07
100.51
100.39
99.9
99.75
99.49
99.6
99.08
99.08
97.79
97.76
98.31
98.83
98.78
98.63
98.3
98.02
99.96
95.64
96.96
97.16
98.67
98.51
99.31
98.66
98.94
98.56
98.52
98.19
98.19
98.41
98.03
98.44
98.64
99.44
100.48
97.82
95.88
95.84
96.2
97.08
97.39
97.87
98.14
92.85
97.87
98.8
99.42
99.86
99.67
99.34
99.69
100.25
99.91
100.04
99.74
99.94
100.04
99.01
100.64
98.81
98.16
98.26
98.32
98.34
98.86
98.81
98.45
98.61
97.97
97.71
97.34
97.31
98.06
98.35
98.32
98.3
98.38
98.04
98.2
98.53
98.44
98.55
97.95
97.44
97.44
97.1
97.47
98.1
98.23
98.75
98.63
100.18
100.4
99.8
99.09
99.02
99.04
99.35
99.0
98.39
98.22
