98.76
97.92
98.21
97.98
97.56
97.92
98.58
98.63
98.79
96.43
96.79
96.44
97.07
97.49
98.32
98.71
99.26
99.83
99.64
100.08
99.47
99.09
98.43
98.62
98.81
98.78
99.39
96.96
97.9
99.77
99.16
99.21
98.39
97.57
97.88
98.76
98.6
99.42
98.97
98.36
98.23
97.42
97.77
98.65
99.18
98.36
98.21
98.4
98.37
98.37
98.76
98.65
98.25
98.5
98.28
98.76
97.6
98.59
99.3
99.86
99.3
99.06
98.49
98.34
98.82
99.15
99.06
99.64
99.84
99.39
99.37
99.44
99.39
103.31
103.12
103.72
103.39
102.32
102.46
103.69
104.47
105.48
105.18
104.72
104.84
102.91
103.45
103.87
103.71
102.87
102.34
102.91
102.84
103.16
102.63
103.2
103.08
102.65
103.44
102.18
102.03
102.98
103.97
104.18
104.39
104.41
105.3
105.19
104.84
105.22
105.32
104.64
103.97
105.35
104.89
105.17
105.5
106.8
107.18
105.78
105.69
105.82
107.8
107.8
108.49
106.76
104.73
104.43
104.91
104.78
104.7
104.06
103.54
104.32
104.49
103.8
103.88
103.82
103.92
105.38
104.32
104.4
104.19
104.45
104.24
103.0
100.24
101.2
103.46
104.43
104.14
104.1
103.94
103.95
104.23
103.95
103.43
103.39
104.95
104.26
103.19
103.94
104.03
104.59
103.43
102.35
103.54
104.55
104.61
104.71
102.06
102.96
103.5
104.14
104.57
104.73
104.98
104.88
104.67
104.2
104.46
104.67
104.15
104.97
104.72
105.37
104.84
104.05
104.05
104.53
105.29
104.76
104.18
104.59
104.39
104.1
103.9
103.47
103.25
103.07
