101.32
102.61
102.8
103.48
103.59
103.4
103.4
103.51
102.92
102.61
102.75
104.44
104.12
105.45
105.08
104.23
103.41
103.85
103.61
103.22
102.88
103.53
103.91
103.2
103.53
103.03
103.75
103.31
103.35
104.02
103.94
104.01
103.65
103.67
103.45
103.66
103.73
103.06
102.85
103.87
104.04
105.14
106.7
106.0
105.59
105.14
104.22
103.73
103.69
101.26
101.96
103.4
103.9
103.94
104.3
101.91
103.05
103.16
102.54
103.03
103.5
103.05
103.59
104.19
103.14
105.62
105.43
105.42
105.14
103.69
103.26
106.19
105.91
103.43
103.11
103.23
104.14
104.33
104.82
104.43
104.26
104.26
103.54
102.97
103.41
103.84
102.5
102.64
101.65
102.3
102.82
102.97
104.44
103.5
103.45
103.0
104.61
103.88
104.37
104.25
104.49
103.99
104.36
105.82
104.61
103.24
103.67
103.75
103.72
104.03
102.8
106.04
106.39
106.39
105.29
104.87
103.94
106.12
105.62
104.16
103.97
104.28
104.37
104.32
103.99
103.75
104.72
104.88
105.2
105.15
103.5
107.14
108.87
106.22
104.26
104.25
104.27
103.95
104.95
104.12
101.69
98.85
99.24
101.09
102.7
101.44
100.22
99.46
99.86
99.74
100.4
99.3
99.78
99.65
99.38
101.33
102.38
102.63
103.09
99.06
99.43
100.95
99.83
95.73
96.38
97.52
96.55
97.23
97.83
99.15
99.02
98.74
100.26
101.42
99.49
100.88
100.54
97.37
96.52
98.74
100.08
98.66
97.99
98.5
98.67
99.02
99.29
97.11
96.81
99.33
99.68
99.09
99.44
99.94
99.99
100.0
100.67
101.31
99.54
98.08
