96.70
96.59
96.83
96.19
95.28
96.52
96.78
96.88
95.38
94.87
95.52
96.57
96.34
97.09
95.16
95.55
95.46
94.09
94.21
95.27
95.74
95.38
95.76
96.25
95.88
96.32
96.26
96.66
96.1
96.07
97.15
96.75
95.88
95.42
94.55
94.47
94.58
95.06
95.47
96.25
95.81
95.76
95.63
95.73
95.7
96.06
95.77
96.27
97.82
98.58
96.96
95.79
95.42
95.58
94.65
94.11
93.87
94.13
94.23
94.33
94.45
94.11
93.38
94.44
95.9
97.16
96.95
96.65
96.57
96.64
96.21
95.86
97.5
97.63
97.85
98.5
98.97
99.14
98.11
96.91
96.59
96.72
97.72
97.72
97.82
97.51
96.57
96.19
96.16
96.49
96.4
96.71
96.89
95.71
95.94
95.75
95.81
95.37
95.0
95.17
95.46
95.74
95.89
96.26
96.56
97.05
95.9
95.67
96.32
96.76
96.94
96.87
96.64
96.86
96.22
95.86
95.58
95.84
96.24
97.19
96.04
95.67
96.04
96.41
97.5
98.15
97.93
94.79
95.84
95.93
96.26
96.38
96.89
96.74
96.74
97.37
97.18
95.26
95.5
95.4
94.86
94.67
95.61
95.96
95.28
95.61
96.27
96.45
95.94
96.98
96.72
95.82
97.01
96.18
95.9
95.53
95.22
95.08
95.81
95.92
95.79
96.88
96.96
96.32
96.76
96.4
95.58
95.39
95.74
95.14
95.36
95.52
94.99
95.11
95.62
95.92
96.96
97.09
97.19
97.02
96.58
96.58
96.28
96.61
97.71
97.71
96.96
97.45
97.98
98.12
96.89
96.44
96.93
95.5
95.23
95.27
95.69
96.04
96.49
96.8
