97.53
96.36
97.28
97.76
97.67
97.76
99.63
95.02
94.28
95.73
95.77
94.87
95.64
95.41
95.69
95.7
95.54
94.0
98.03
96.96
96.14
94.7
94.92
94.04
96.0
95.9
95.64
95.36
94.82
96.39
96.59
96.68
96.63
96.97
95.92
96.47
96.62
95.44
95.03
95.46
96.21
96.68
97.14
97.83
97.25
95.98
95.38
95.1
97.01
98.59
98.78
97.93
96.65
95.41
96.04
96.63
96.6
97.12
97.6
97.35
96.18
96.1
96.78
96.04
95.73
95.85
97.35
96.76
97.03
96.96
96.79
96.84
95.45
95.35
94.84
96.53
96.56
95.81
102.27
96.74
96.62
98.13
96.26
95.67
95.0
95.81
96.33
95.71
95.84
95.37
94.81
95.54
97.02
96.29
95.41
95.43
94.03
96.21
95.69
96.16
96.56
96.67
95.98
96.64
95.85
95.17
94.91
94.7
96.3
96.23
97.07
97.56
96.84
96.19
95.63
95.55
94.66
95.83
96.77
96.37
96.61
96.31
95.52
95.15
95.05
95.75
94.9
94.86
94.9
95.06
94.92
94.24
94.08
93.86
93.95
93.12
93.33
94.92
93.98
94.68
94.21
94.29
94.11
93.81
94.23
93.88
93.15
93.48
93.7
93.56
93.28
92.14
106.43
106.48
106.45
105.99
105.26
105.65
105.43
104.71
99.61
96.71
94.57
91.87
91.66
92.4
93.48
93.54
90.84
90.63
91.22
92.79
91.15
90.84
89.9
92.63
91.41
91.48
92.05
91.2
91.62
91.74
92.57
91.99
91.38
91.59
91.16
90.45
92.0
92.62
91.91
90.07
89.01
90.22
90.73
92.49
92.81
91.36
91.09
90.9
