92.63
92.6
95.03
95.16
93.71
92.71
91.96
90.41
91.81
94.4
95.72
94.61
94.9
95.59
94.48
94.55
94.9
93.36
94.21
93.88
93.36
94.92
93.95
90.96
92.28
93.34
92.35
94.0
95.01
95.0
95.55
94.85
94.25
95.63
95.78
95.91
94.31
92.07
93.32
92.06
92.46
95.2
92.01
90.23
93.37
94.25
93.99
95.0
94.3
94.43
92.95
93.8
93.19
93.25
91.0
89.23
90.52
91.18
91.37
91.25
91.32
92.49
93.41
92.98
93.34
93.04
94.04
92.94
95.1
95.56
94.12
93.83
94.11
94.2
95.19
93.77
92.57
92.71
93.43
93.43
92.81
92.77
92.29
92.03
92.03
94.13
93.74
95.05
94.61
95.28
94.59
94.42
90.88
91.67
91.63
90.92
91.25
91.39
91.87
92.66
93.03
90.86
91.06
92.11
92.25
93.73
94.17
94.13
92.26
92.75
92.53
95.59
91.98
90.93
91.15
92.27
93.83
95.41
97.02
98.61
100.61
102.38
104.31
103.08
98.16
97.74
97.82
97.63
96.75
96.01
95.33
94.35
94.49
93.67
94.09
94.11
94.31
93.73
94.23
93.68
94.5
93.52
93.41
93.72
94.59
94.75
94.62
94.84
95.05
94.77
94.39
94.23
93.58
93.64
94.31
92.63
93.73
94.36
93.94
95.25
95.75
95.25
95.22
95.46
96.74
95.72
94.87
95.34
94.76
95.0
94.98
95.07
95.01
94.22
94.49
95.72
96.17
96.44
96.21
97.67
97.45
96.89
96.39
96.39
97.08
98.93
97.84
97.42
97.03
96.95
96.69
96.47
93.8
92.94
94.3
94.37
94.88
95.18
95.81
94.93
