96.54
96.14
95.41
94.14
94.13
93.8
94.11
94.75
94.69
94.8
94.62
95.58
96.28
96.08
96.5
96.39
96.42
96.09
96.12
96.05
96.01
96.09
95.22
94.15
93.52
94.51
94.73
95.12
96.39
96.34
96.0
95.41
94.94
95.19
95.53
94.73
93.26
93.28
94.33
94.29
94.39
94.94
95.82
95.82
95.98
94.92
94.91
95.64
95.39
95.2
95.33
95.38
95.85
96.12
96.02
95.4
95.71
95.81
95.95
95.73
95.91
96.04
95.91
95.93
95.27
95.62
96.38
95.81
96.12
96.0
94.15
94.17
95.16
95.22
95.14
95.3
96.13
95.91
95.53
96.15
96.69
96.19
96.95
96.52
96.05
96.53
96.24
95.61
95.52
95.42
95.65
95.48
94.47
94.76
95.22
95.46
95.62
95.66
95.61
96.06
95.66
95.53
94.91
94.78
95.21
95.92
95.6
95.4
95.11
93.9
93.41
93.84
93.43
94.17
95.03
95.03
95.35
94.66
94.79
95.17
95.11
94.17
93.85
94.02
93.81
93.66
93.85
93.86
93.99
93.33
93.01
93.59
93.59
93.97
94.82
95.26
95.89
95.53
95.07
94.92
94.97
95.3
95.26
94.82
95.3
95.94
96.28
96.34
96.34
95.55
95.27
95.31
92.95
91.54
91.28
93.15
94.92
96.39
98.28
100.33
101.8
102.52
102.36
101.42
100.97
100.36
98.88
96.89
97.02
96.24
96.07
95.83
95.8
96.13
96.3
96.92
96.18
95.98
96.24
96.25
96.17
96.81
96.97
97.04
96.93
96.77
96.87
97.3
97.71
97.27
97.82
97.72
96.86
97.23
97.42
97.72
97.93
98.34
98.54
97.77
