97.32
97.62
96.82
96.51
97.03
97.35
97.29
97.29
95.89
96.24
96.7
97.2
97.51
97.76
98.25
98.74
97.67
96.44
96.8
97.14
97.6
97.89
97.31
95.98
97.5
97.44
97.7
98.2
97.35
96.91
97.18
97.05
97.25
97.66
97.51
97.39
97.5
96.03
96.2
96.7
97.06
97.2
97.28
97.86
98.14
97.98
97.72
97.56
97.45
97.18
97.46
97.45
97.62
98.04
98.22
97.56
97.56
97.03
96.47
96.54
96.48
96.95
97.05
96.74
96.56
95.92
96.01
96.26
96.94
96.3
97.3
97.19
96.83
97.28
97.79
97.68
97.53
96.73
96.16
95.9
96.35
96.56
97.04
97.88
97.91
97.78
97.64
97.53
97.39
97.54
97.82
97.65
97.63
97.89
97.69
97.5
97.21
96.54
95.92
96.35
97.21
97.62
97.6
97.43
97.26
97.12
97.18
97.42
97.56
97.16
97.35
97.34
97.82
98.15
98.18
97.44
97.19
96.88
97.01
97.47
97.49
98.08
98.19
98.48
98.01
97.79
98.14
97.48
96.59
96.84
97.6
98.18
97.39
97.09
96.96
96.85
97.22
96.62
96.43
95.45
96.01
96.99
97.64
97.41
97.53
97.88
97.59
97.35
96.98
97.0
96.99
97.22
97.43
97.21
96.94
97.11
97.34
97.73
97.4
97.4
97.32
97.69
97.41
97.34
97.13
97.49
97.41
97.55
97.12
97.12
96.91
96.91
97.25
96.76
96.8
96.98
97.09
96.68
97.48
98.04
97.74
97.38
97.27
97.12
96.87
97.13
97.03
97.28
97.75
98.07
97.38
97.05
97.28
97.78
97.86
97.98
97.67
97.92
97.68
97.61
