100.52
100.51
100.61
100.87
100.54
100.65
100.86
100.47
100.15
100.16
100.37
101.1
101.38
101.52
101.09
101.11
100.96
100.79
101.1
101.2
100.74
100.89
101.73
101.7
101.3
100.86
100.43
99.77
99.69
100.21
100.8
100.81
100.68
100.34
100.35
100.13
99.98
99.78
99.68
100.01
100.72
100.14
100.29
100.71
101.0
101.19
101.19
101.42
101.57
101.4
100.89
100.57
100.52
100.04
99.82
100.21
99.9
99.52
99.58
99.99
100.12
100.55
100.44
100.06
100.33
100.09
100.18
99.96
100.28
100.74
100.5
100.23
100.23
100.32
100.4
101.02
101.27
101.21
101.19
101.17
100.85
100.45
99.93
100.22
100.44
100.9
100.9
101.02
100.56
100.61
100.8
100.39
100.75
100.75
100.62
100.62
100.26
100.72
100.85
100.85
100.69
101.17
100.83
100.27
100.75
100.79
100.61
100.5
100.78
100.28
100.2
100.46
100.08
100.82
100.9
100.64
100.44
100.35
100.5
100.26
100.13
100.65
101.11
101.02
100.41
100.97
100.79
100.8
100.8
100.81
101.31
101.06
101.1
100.68
100.58
101.27
101.23
101.32
100.66
100.21
100.15
99.83
99.91
100.16
100.12
101.05
101.39
101.15
101.04
101.66
101.66
100.7
100.37
100.52
100.83
100.67
100.67
100.88
100.98
100.81
100.98
100.74
100.61
100.91
100.71
100.04
100.48
100.08
99.99
100.35
100.9
100.52
100.09
100.12
99.39
99.39
99.87
99.98
100.35
100.4
100.44
100.15
99.97
100.36
100.59
100.88
100.7
100.58
100.59
99.87
99.96
99.98
100.62
100.84
100.45
100.23
100.22
99.94
99.42
100.03
