101.88
101.59
102.24
102.34
102.68
102.4
101.88
101.66
101.99
101.78
102.15
102.6
102.1
101.74
101.48
101.26
101.21
101.41
101.62
101.7
101.31
101.66
101.81
102.13
101.84
101.93
102.06
102.06
102.13
102.04
101.95
101.96
102.09
101.78
101.51
101.8
101.55
101.71
101.69
101.8
101.74
101.86
101.77
101.92
101.89
101.88
101.86
102.11
102.06
101.86
102.05
102.22
102.13
102.1
102.14
102.04
102.08
101.94
101.98
101.46
101.46
101.94
102.18
102.44
101.98
101.71
101.77
101.75
101.46
101.48
101.79
101.99
101.8
101.82
101.74
101.91
101.95
101.8
101.26
101.77
101.78
101.99
101.79
101.54
101.75
101.58
101.78
101.54
101.83
102.01
101.96
101.69
101.66
101.6
101.8
101.72
101.65
101.66
101.8
102.12
102.13
102.29
102.23
102.11
102.06
101.86
101.89
101.88
101.81
101.6
101.71
101.74
101.74
101.88
101.71
101.8
101.87
101.84
101.99
101.94
101.66
101.83
101.9
101.57
101.96
102.13
102.01
102.31
102.56
102.53
101.8
101.77
101.83
101.63
101.97
101.75
101.68
102.0
102.13
101.66
101.67
101.4
101.23
101.6
101.8
101.69
101.43
101.82
101.37
101.52
101.61
101.61
101.41
101.32
101.6
101.57
101.7
101.38
101.34
101.72
101.72
101.55
101.22
101.46
101.47
101.94
101.81
101.44
101.39
101.91
101.92
101.9
101.41
101.44
101.59
102.06
102.24
102.08
101.76
101.85
101.54
101.79
101.95
101.76
101.89
101.99
102.4
101.94
101.81
101.82
101.32
101.42
101.65
101.9
101.96
102.0
101.72
101.23
101.54
101.69
