101.22
100.82
100.82
101.64
101.41
101.41
101.75
101.53
101.06
101.35
101.55
101.62
101.23
101.37
101.2
101.48
101.77
101.39
101.46
101.09
101.61
101.92
102.13
101.74
101.94
101.71
101.56
101.57
101.62
101.92
102.22
102.12
102.0
101.88
102.03
101.98
102.03
101.97
101.9
101.39
101.93
102.06
102.29
102.27
102.04
101.8
101.75
101.51
101.4
101.2
101.18
101.43
101.65
101.7
101.92
101.76
101.73
101.67
102.02
101.75
101.26
101.27
101.41
101.6
101.35
101.53
101.39
101.32
101.29
101.38
101.57
101.72
101.87
101.64
101.62
101.61
101.67
101.77
102.02
101.73
101.63
101.74
101.73
101.95
102.06
101.92
101.79
101.92
102.29
102.31
102.37
102.09
101.7
101.91
101.48
101.22
101.48
101.92
101.92
101.81
101.85
101.85
101.59
101.58
101.51
101.39
101.45
101.36
101.54
101.51
101.17
101.38
101.37
101.61
101.71
101.97
101.95
101.61
101.76
101.51
101.41
101.5
101.85
101.76
101.9
101.91
101.61
101.49
101.44
101.48
101.5
101.33
100.62
100.86
101.21
101.53
102.04
101.58
101.65
101.65
101.6
101.63
101.22
100.98
101.51
102.23
101.7
101.68
101.8
101.65
101.56
101.8
101.5
101.5
101.87
101.21
101.77
101.9
102.08
101.79
101.75
102.17
102.53
102.15
102.07
102.03
101.63
101.8
101.98
101.86
101.62
101.53
101.33
101.52
101.73
101.92
102.06
102.06
102.01
101.85
101.79
101.5
101.32
101.32
101.44
101.25
101.26
101.45
101.63
101.8
101.34
101.08
101.52
101.83
101.9
101.61
101.6
101.22
101.19
101.52
