100.47
100.64
101.27
101.1
101.5
101.71
101.27
100.76
100.8
101.13
101.05
101.24
101.25
100.77
100.79
100.62
100.76
100.55
99.87
99.94
100.04
100.38
100.46
100.54
100.72
100.68
100.51
100.68
101.23
100.98
100.52
100.81
100.66
100.82
101.02
101.21
101.19
101.02
100.95
101.33
101.46
101.47
101.22
100.98
100.73
100.91
100.82
100.88
100.88
100.72
100.61
100.74
100.74
100.53
100.74
100.82
101.06
101.0
100.62
100.29
100.63
100.36
101.27
101.2
101.09
100.79
100.65
100.62
100.48
100.75
100.73
100.67
100.76
100.54
100.21
100.31
100.5
100.38
100.43
100.42
100.34
100.53
100.76
100.6
100.27
100.35
100.42
100.4
100.05
100.07
100.08
100.28
100.61
100.7
101.26
101.3
101.11
100.91
100.91
100.91
100.79
101.92
102.07
101.84
101.33
101.4
101.68
101.77
101.74
101.36
101.18
101.08
101.01
100.78
100.91
100.79
101.02
100.69
100.43
99.94
100.17
100.2
100.4
100.09
100.78
100.85
100.48
100.93
100.39
100.68
100.82
100.79
100.19
100.34
99.72
99.93
99.62
100.43
100.24
100.77
100.43
100.9
100.6
100.88
100.86
100.91
100.85
100.55
100.24
99.77
101.55
100.12
100.17
100.44
100.72
100.9
100.8
100.48
100.83
100.89
101.17
101.91
101.62
101.56
101.43
101.53
100.92
100.29
100.38
100.52
100.73
100.8
101.17
100.87
100.95
100.75
100.75
101.35
100.97
100.67
100.64
100.56
100.85
100.92
100.92
101.12
100.52
100.67
100.23
100.35
100.61
100.85
101.73
101.09
100.98
101.36
101.94
101.78
101.27
101.52
