103.88
103.5
103.36
103.35
103.7
103.37
102.6
101.57
101.48
102.0
102.13
103.2
103.27
102.83
101.75
101.14
101.47
101.68
101.89
101.53
100.37
101.8
101.07
101.93
101.49
99.52
100.43
100.63
101.27
101.59
102.3
102.69
101.79
102.39
102.87
102.91
103.01
102.67
102.46
101.58
102.14
101.74
101.21
101.13
97.43
98.65
97.97
100.13
101.34
102.65
102.8
103.99
102.42
106.63
100.96
100.85
100.51
100.56
100.62
100.22
100.59
101.1
101.76
102.35
101.84
102.13
102.21
102.85
102.5
103.04
101.97
102.3
104.48
103.24
103.25
102.59
102.94
103.39
103.39
102.91
103.17
103.45
103.7
103.57
103.52
103.26
103.08
103.51
103.3
103.77
103.33
103.03
102.31
102.11
102.18
101.48
101.92
102.32
102.15
102.47
103.03
102.65
102.77
102.65
102.99
102.51
102.38
102.51
102.88
102.88
102.71
102.84
102.06
101.46
101.65
102.09
102.02
101.77
102.33
102.87
102.56
102.47
101.79
102.07
101.81
101.6
102.49
103.13
103.2
103.22
103.23
103.11
102.1
101.32
102.17
101.7
101.24
101.77
101.53
101.02
100.88
100.58
101.33
101.93
101.44
102.05
102.86
102.57
101.99
102.64
102.69
102.63
102.04
102.1
102.68
102.88
102.16
102.49
102.25
101.79
102.01
101.83
101.5
101.71
101.96
101.78
101.94
102.28
102.55
103.64
104.14
103.58
103.18
103.48
103.69
103.37
103.49
104.26
102.88
101.98
102.33
102.74
103.38
103.02
102.35
101.95
101.81
101.48
102.19
103.75
101.86
102.74
103.86
103.45
103.92
103.3
100.49
99.85
101.68
103.36
