102.07
100.18
100.2
99.97
99.85
102.8
103.3
103.35
102.68
102.1
101.38
101.45
101.76
100.63
99.05
93.47
89.17
90.1
90.86
92.67
97.49
98.01
98.29
98.42
98.77
100.0
101.16
98.79
99.88
99.51
102.34
99.9
101.82
103.39
103.8
103.94
103.87
102.94
101.63
104.09
105.21
104.17
104.1
103.29
100.64
96.21
99.51
100.9
101.08
100.95
100.49
100.39
101.65
101.76
101.46
101.42
102.97
103.07
102.45
101.82
102.51
101.93
100.62
103.08
104.87
104.71
106.07
106.09
104.45
103.15
101.98
101.42
101.22
100.91
101.1
101.97
101.39
101.49
99.88
98.51
99.9
102.03
102.02
102.75
102.66
107.92
103.9
103.14
101.13
98.89
98.81
98.41
98.86
100.22
99.37
98.9
103.26
103.37
104.05
103.36
104.02
104.42
104.79
100.15
100.25
99.5
98.71
99.41
100.68
101.95
99.96
100.25
98.6
100.61
101.91
101.91
101.48
101.4
101.18
106.52
108.23
105.51
104.8
104.98
103.42
103.3
103.07
102.75
102.28
99.5
100.0
98.56
98.75
98.8
98.78
97.76
98.55
99.84
100.45
99.92
100.89
101.8
102.26
102.42
101.48
101.72
97.22
97.84
100.19
101.57
102.34
101.72
101.04
101.61
101.1
101.55
102.41
103.39
105.9
101.73
101.26
103.33
102.86
101.85
100.87
100.25
100.15
101.08
101.06
100.53
99.8
99.94
105.08
102.54
102.28
102.54
102.25
104.07
101.75
100.07
100.68
100.93
101.11
103.9
101.63
95.11
98.5
100.28
100.9
101.23
101.13
101.22
102.58
104.11
100.71
94.64
97.63
97.03
97.32
97.75
