99.20
97.25
99.46
88.96
87.67
90.57
91.77
92.14
93.78
95.42
96.25
96.19
96.88
96.02
95.19
96.75
99.28
97.96
96.62
98.06
98.09
97.34
99.05
100.02
100.34
99.66
99.3
100.41
101.47
100.71
100.48
101.49
101.13
100.71
100.38
100.04
100.9
98.94
97.76
98.73
99.07
99.04
99.86
100.56
100.24
100.65
101.15
101.31
100.15
100.22
100.77
99.72
99.05
98.38
98.77
99.39
98.42
98.16
98.09
99.35
98.86
99.63
98.87
99.27
99.17
101.52
101.49
100.6
100.55
99.55
99.66
98.7
99.06
99.08
98.86
104.43
103.08
101.64
101.85
101.93
101.78
101.95
101.91
101.51
101.84
100.88
101.45
102.06
102.18
102.17
101.9
100.64
101.43
101.32
101.18
101.26
100.46
101.46
99.19
100.75
99.33
99.17
99.79
100.64
101.61
100.19
99.46
101.0
103.34
101.45
101.17
99.77
100.0
101.48
100.27
99.82
99.38
99.95
100.49
100.35
101.29
103.09
102.06
100.5
100.81
100.85
99.69
100.55
99.35
98.83
99.44
100.34
100.73
100.57
100.19
100.8
99.13
98.75
99.15
100.37
101.05
101.38
99.24
98.47
100.55
101.94
101.39
100.99
100.79
100.33
99.35
100.17
99.99
99.28
98.66
98.18
98.68
99.0
98.91
100.43
101.18
101.46
102.02
101.07
100.3
101.16
100.46
100.26
101.22
101.05
101.75
102.12
102.94
101.42
99.88
98.61
99.41
98.39
99.33
99.23
99.31
99.83
100.91
99.47
100.52
101.17
100.37
99.98
100.44
100.54
100.31
101.3
102.0
102.15
101.2
100.44
100.0
99.66
99.9
98.68
