100.33
99.93
100.06
100.64
101.02
101.62
101.61
101.58
102.29
98.43
101.13
101.97
102.13
101.95
101.9
101.37
101.45
101.57
100.76
100.05
99.72
100.12
100.68
97.95
98.59
100.13
101.16
101.56
100.88
101.24
100.16
99.47
100.53
101.43
101.79
100.86
100.01
99.27
98.98
99.87
99.85
99.39
98.2
98.99
100.71
101.08
100.43
99.84
100.11
100.45
100.5
100.84
101.32
100.18
100.58
101.33
101.94
102.33
101.19
100.59
99.77
98.99
99.25
100.39
101.29
99.73
99.46
100.37
100.6
101.35
101.65
102.0
101.18
100.83
101.43
101.89
98.25
98.67
101.3
100.56
99.23
98.4
99.02
99.9
99.8
99.79
100.23
100.78
100.49
100.41
99.78
99.82
100.85
102.54
100.98
101.02
101.58
101.22
100.92
100.04
99.9
99.68
99.69
99.53
99.22
98.87
99.21
99.62
100.07
99.77
99.25
99.75
100.26
99.97
100.12
100.16
100.16
99.6
99.07
98.29
98.81
99.25
99.53
99.68
99.11
98.76
98.3
98.52
99.06
99.8
100.61
102.53
102.01
100.98
98.51
96.57
97.41
98.62
99.9
100.52
101.08
101.4
101.18
101.2
101.28
101.48
100.66
100.66
101.34
101.13
101.69
101.33
102.34
102.22
101.28
100.32
99.85
100.94
102.45
101.29
100.0
99.22
98.64
98.35
98.57
99.44
98.77
98.9
98.67
99.23
99.79
99.44
99.89
99.74
99.51
99.42
99.27
99.57
99.46
99.46
100.36
101.88
102.16
101.57
100.4
100.52
99.33
100.02
100.92
100.22
100.58
100.76
100.35
100.45
99.81
99.13
99.26
99.12
99.12
100.88
