99.29
99.71
100.52
100.86
103.43
100.54
101.92
101.82
101.6
101.93
95.97
93.5
98.27
100.53
103.54
103.54
102.32
105.68
100.98
102.19
100.99
102.24
101.45
101.69
101.8
100.7
101.63
101.4
101.75
102.14
101.71
102.08
101.48
105.19
102.61
101.48
99.33
102.05
101.37
100.54
100.35
100.6
99.94
100.15
100.6
100.68
100.7
101.19
101.86
102.27
97.18
100.17
102.1
91.66
92.91
97.41
96.96
101.29
103.23
101.5
99.86
99.13
98.45
98.28
98.25
98.46
105.16
100.87
101.9
102.04
101.64
100.69
100.15
100.8
100.74
100.84
100.73
100.41
100.48
100.95
102.2
101.37
102.02
102.93
101.32
96.46
99.34
100.16
101.25
101.86
100.66
99.47
99.68
100.77
102.4
99.48
98.83
101.71
103.81
105.05
102.74
103.04
103.72
101.75
101.32
100.7
100.71
103.7
103.98
105.71
105.56
105.14
104.44
99.79
103.41
101.72
100.39
99.53
99.45
98.95
98.29
-82.85
-81.75
-79.62
-78.81
-80.21
-81.61
-81.9
-81.93
-82.49
-81.64
-80.95
-80.33
-76.37
-73.81
-74.82
-77.38
-81.98
-82.93
-82.72
-79.33
-75.77
-76.13
-72.95
72.09
-89.06
102.52
102.37
102.5
102.68
102.64
103.14
103.13
102.48
102.58
102.78
102.78
103.26
102.61
101.59
106.04
99.04
98.61
97.7
93.52
99.57
99.69
98.98
98.92
99.92
100.43
100.35
100.21
99.34
98.65
97.89
100.12
100.66
101.84
101.96
101.78
101.75
100.94
99.52
100.73
99.83
99.08
93.73
91.96
91.58
92.07
93.28
95.31
97.77
98.28
97.72
97.33
97.47
97.71
94.77
