52.72
54.09
54.35
53.34
54.46
54.38
54.29
53.72
52.71
51.61
55.01
55.85
55.85
56.9
58.68
40.03
44.21
31.91
34.44
35.11
31.98
32.65
34.84
38.19
38.38
39.21
41.77
43.14
41.94
42.1
41.57
41.78
41.99
40.76
42.26
43.28
43.58
43.79
44.57
46.07
45.13
45.39
41.46
42.15
42.8
40.45
39.83
41.25
40.91
12.66
-7.94
5.49
-6.51
20.06
18.94
21.66
26.57
30.98
37.76
35.88
40.38
42.19
43.48
45.57
49.01
49.81
48.88
46.96
44.99
45.5
44.79
46.51
46.57
50.93
47.61
48.56
49.55
47.01
49.41
48.6
46.05
43.68
44.35
44.89
44.14
44.78
45.75
45.88
47.51
49.22
50.0
48.97
49.28
46.31
45.98
46.55
46.93
46.53
45.56
44.99
43.7
44.33
45.37
47.51
47.91
50.57
48.09
48.17
50.03
51.52
50.07
11.13
22.09
24.47
26.49
27.01
27.58
27.36
28.58
30.35
31.24
33.11
32.07
31.66
32.43
33.1
32.93
34.08
35.16
35.55
35.76
35.35
36.5
36.82
36.68
37.86
38.9
39.37
40.64
42.2
44.46
45.72
46.45
48.62
48.87
50.27
49.45
49.02
48.56
48.53
48.5
47.18
46.12
45.91
45.49
46.09
46.28
44.7
46.68
47.75
48.61
49.25
50.32
49.95
53.89
48.38
45.11
46.46
47.84
47.91
47.89
48.4
50.05
52.22
53.34
50.6
50.36
52.05
53.36
50.92
51.1
52.03
52.34
51.59
47.04
47.96
51.54
54.13
55.71
56.34
56.22
55.9
55.0
56.17
55.13
54.22
53.02
52.98
53.68
54.76
