66.22
66.33
66.52
66.79
66.79
67.29
67.54
67.54
70.29
64.17
72.87
73.03
73.36
73.32
73.32
73.29
73.11
73.11
71.65
69.32
69.03
68.1
68.4
68.68
69.44
69.87
71.27
73.03
64.93
52.76
48.06
48.06
44.7
44.7
44.7
44.7
44.7
61.46
63.32
63.9
64.79
66.89
66.89
69.65
69.84
69.87
70.06
70.06
69.79
69.19
70.03
72.35
73.05
73.32
73.32
73.98
74.0
74.44
74.21
73.57
74.21
74.21
57.06
51.75
49.17
47.41
47.97
50.03
57.08
59.35
59.03
60.61
60.61
61.07
61.28
61.28
59.03
57.87
54.08
53.0
50.27
51.76
52.12
52.86
58.97
64.13
72.16
82.15
85.93
85.93
85.82
84.96
84.4
84.29
78.18
74.44
54.79
-39.29
-38.49
-24.42
-12.5
-9.02
39.06
54.41
69.3
69.3
70.81
71.83
72.83
71.78
71.78
67.71
64.64
62.99
60.8
59.3
59.0
63.89
-17.69
-17.83
-14.21
9.06
18.35
22.03
28.89
34.28
34.28
34.49
35.29
36.26
38.9
41.89
45.14
51.32
46.17
39.21
38.46
35.62
34.9
43.78
49.24
52.74
51.63
50.69
50.17
50.17
49.51
48.77
46.98
46.74
47.21
48.52
48.52
48.47
47.51
47.04
47.47
47.79
48.23
49.61
50.32
41.9
16.58
81.72
81.83
81.7
81.21
81.01
80.0
79.21
77.87
77.44
76.76
75.55
74.66
74.28
74.28
74.6
74.59
74.75
76.76
76.76
77.87
77.87
80.35
78.76
75.52
75.52
75.89
76.28
76.38
75.29
74.64
71.56
80.04
87.24
86.75
86.73
86.28
86.28
