67.47
67.73
66.78
67.66
68.74
69.15
68.74
68.74
68.46
68.6
68.95
68.97
66.64
66.43
71.88
74.43
76.13
79.51
79.51
81.82
82.1
82.1
82.24
82.24
82.24
82.32
82.41
81.95
81.95
81.95
81.95
81.9
81.58
81.2
80.1
80.1
77.16
75.62
75.28
75.07
74.84
74.79
74.4
73.4
72.78
72.76
72.39
72.29
72.94
72.84
72.69
72.59
72.34
70.22
52.57
51.03
50.93
51.51
51.49
51.82
51.84
52.15
52.43
52.43
57.74
58.72
58.74
58.74
58.09
54.78
52.84
52.35
52.98
53.8
55.14
55.47
55.96
57.73
60.05
62.32
62.32
66.91
49.33
48.34
48.23
47.37
46.34
45.94
46.36
46.36
49.55
49.55
55.12
57.35
58.81
61.66
61.94
62.29
61.44
61.0
59.92
60.52
62.06
62.12
62.11
63.09
63.91
64.35
64.77
65.86
65.19
64.27
63.21
63.02
59.7
67.11
73.38
70.54
65.46
56.46
56.46
57.5
58.63
61.15
63.48
63.48
62.56
62.02
60.84
60.11
58.99
58.41
55.64
52.85
55.96
57.1
58.12
59.01
59.17
59.17
59.44
59.44
58.49
57.81
57.32
57.32
56.87
54.04
54.04
51.63
49.68
49.28
56.94
62.59
67.21
62.13
58.55
53.86
52.16
52.16
52.16
48.57
39.63
34.11
33.43
32.73
31.89
32.36
32.96
33.85
38.05
80.93
82.25
82.04
81.96
81.58
81.58
81.59
81.92
82.9
82.14
64.55
-6.97
-11.83
-11.83
-13.04
-14.45
-15.68
-21.3
31.61
54.53
60.07
64.49
66.44
68.89
68.89
68.9
70.54
72.0
72.0
