67.09
66.95
66.86
66.9
66.68
67.58
33.52
-4.27
54.28
54.19
53.96
53.96
53.81
53.47
47.25
42.25
41.4
42.55
47.69
50.66
43.78
-14.1
3.72
18.81
27.83
40.14
45.67
50.89
51.43
51.43
51.33
51.33
58.73
31.79
19.16
16.97
16.97
34.53
43.9
39.66
39.46
34.39
32.65
32.22
32.43
32.58
32.68
31.82
24.55
-3.32
-1.82
0.74
0.74
-16.54
-16.54
-21.7
-22.52
-23.47
-23.64
-23.58
-23.17
-23.17
-22.99
-22.9
18.07
42.05
42.05
6.1
4.74
5.51
5.51
60.78
60.5
55.41
53.48
53.48
50.42
49.66
48.97
48.48
48.48
48.4
48.4
48.9
49.29
49.34
51.64
56.05
59.37
58.76
55.97
45.45
44.4
44.17
43.33
42.86
42.69
41.69
41.83
41.73
41.66
41.59
41.6
42.99
43.91
45.62
45.52
44.91
43.96
43.47
44.73
45.17
44.41
42.11
37.59
-4.59
47.12
47.12
47.03
46.96
46.09
45.59
44.95
44.87
45.44
47.14
48.2
48.84
53.83
55.11
54.58
54.21
53.95
53.71
53.71
53.42
53.02
52.76
52.01
51.79
3.78
3.78
6.61
6.61
17.55
46.05
48.18
48.18
48.37
48.37
48.68
49.23
49.23
49.23
50.02
50.02
50.19
50.74
50.56
48.59
44.4
44.4
41.91
41.91
47.25
48.6
47.0
42.12
42.19
39.94
54.15
69.54
74.69
72.92
71.41
67.49
66.04
65.85
65.72
64.37
61.99
61.39
61.15
61.1
61.92
62.23
62.64
62.7
62.51
58.37
55.59
55.73
55.73
56.7
13.39
47.68
47.93
47.02
43.69
39.09
