100.60
92.28
92.28
92.28
92.28
79.26
68.57
68.57
68.57
68.57
68.57
68.57
68.57
68.57
68.57
68.57
68.57
68.57
68.57
68.57
68.57
68.57
68.57
68.57
68.57
68.57
68.57
68.57
68.57
68.57
68.57
68.57
68.57
68.57
68.57
68.57
61.3
61.3
61.3
61.3
61.3
61.3
61.3
57.18
57.18
56.4
56.4
56.4
56.4
56.4
56.4
56.4
56.4
56.4
56.4
56.4
56.4
56.4
56.4
56.4
56.4
56.4
56.4
56.4
56.4
56.4
56.4
56.4
56.4
56.4
56.4
56.4
56.4
56.4
56.4
56.4
56.4
56.4
56.4
56.4
56.4
56.4
56.4
56.4
56.4
56.4
56.4
56.09
56.09
56.09
56.09
56.09
56.21
56.21
56.22
56.22
56.22
56.22
56.11
56.11
56.11
56.33
56.33
56.63
56.63
56.63
56.63
56.63
58.68
58.68
58.68
58.68
58.68
58.68
58.68
61.53
61.53
61.53
61.53
61.53
61.53
61.53
61.53
61.53
61.53
61.53
61.53
61.53
61.53
61.53
61.53
61.53
61.53
61.53
61.53
61.53
61.53
61.53
61.53
61.53
61.53
61.53
61.53
64.3
64.3
64.3
64.3
64.3
64.3
64.3
64.3
64.3
64.3
64.3
64.3
64.3
64.3
64.3
64.3
64.3
64.3
64.3
64.3
64.3
64.3
64.3
64.3
64.3
64.3
64.3
64.3
64.3
64.3
64.3
64.3
64.3
64.3
64.3
64.3
64.3
64.3
64.3
64.3
64.3
64.3
64.3
64.3
64.3
76.68
76.68
76.68
76.68
76.68
76.68
79.17
79.17
79.17
79.17
79.17
79.17
