110.64
110.64
110.64
110.64
110.64
109.58
109.58
108.24
108.24
108.24
108.24
108.24
108.24
108.24
108.24
108.24
108.24
108.24
108.24
108.24
108.24
108.24
108.24
108.24
108.24
108.24
108.24
108.24
108.24
108.24
108.24
108.24
108.24
108.24
108.24
108.24
108.24
108.24
108.24
93.67
93.67
93.67
82.3
82.3
82.3
82.3
82.3
82.3
82.3
82.3
82.3
82.3
82.3
82.3
82.3
82.3
82.3
82.3
82.3
77.03
77.03
75.19
75.19
75.19
75.19
75.19
74.48
74.48
74.48
74.48
74.48
74.48
74.48
74.48
74.48
74.08
74.08
74.08
74.08
74.08
74.08
74.08
74.08
74.08
74.08
74.08
74.08
74.08
74.08
74.08
74.08
74.08
74.08
74.08
74.08
74.08
74.08
74.08
74.08
74.08
74.08
74.08
74.08
74.08
74.08
74.08
74.08
74.08
74.08
73.75
73.75
73.75
73.75
73.75
72.83
72.83
72.83
72.83
72.83
72.83
72.83
72.83
72.83
72.83
72.83
72.83
72.83
72.83
72.07
72.07
69.82
68.82
68.82
68.82
68.82
68.82
68.82
68.82
68.82
68.82
68.82
68.82
68.82
68.82
68.82
68.82
68.82
68.82
68.82
68.82
68.82
68.82
68.82
68.82
68.82
68.82
68.82
68.82
68.82
68.82
68.82
68.82
68.82
68.82
68.82
68.82
68.82
68.82
68.82
68.82
68.82
68.82
68.82
68.82
68.82
68.82
68.82
68.82
66.18
66.18
66.18
66.18
66.18
65.55
65.55
65.55
65.55
65.55
65.55
64.91
64.91
64.91
64.91
64.91
64.91
64.91
64.91
64.91
64.91
64.91
