63.15
63.15
63.15
63.15
63.15
63.15
62.77
62.77
62.77
74.22
74.22
81.29
81.29
83.91
83.91
83.91
83.91
83.91
83.91
83.91
83.91
84.48
84.48
84.48
84.48
81.54
79.22
79.22
79.22
79.22
79.22
79.22
79.22
79.22
79.22
77.79
77.79
77.79
77.79
77.06
77.06
77.06
77.06
77.06
77.06
77.06
76.39
76.14
76.14
76.14
76.14
75.87
75.87
75.87
75.87
75.87
75.87
75.87
75.87
75.87
75.68
75.33
75.33
75.33
75.33
75.33
75.33
75.33
75.33
75.33
75.33
75.33
75.33
75.33
75.26
75.26
75.26
75.26
75.26
75.26
75.26
75.26
75.6
75.6
75.62
75.62
75.62
75.62
75.62
75.67
75.67
75.67
75.67
75.67
75.67
75.67
75.86
75.86
75.86
75.86
75.86
75.92
75.92
75.92
75.92
75.92
75.92
75.92
76.31
76.31
76.51
76.51
77.19
77.43
77.52
77.52
77.52
77.53
77.53
77.53
77.53
77.53
77.53
77.53
77.53
77.53
77.53
77.53
77.53
77.53
77.53
77.53
77.53
77.53
77.53
77.53
77.53
77.53
74.21
74.21
74.21
74.21
74.21
74.21
74.21
74.21
74.21
74.21
74.21
74.21
74.21
74.21
74.21
74.21
74.21
74.33
74.33
74.33
74.33
74.33
73.71
73.71
73.71
73.71
75.28
75.28
75.63
75.63
75.63
75.63
75.63
75.63
75.63
75.63
75.63
75.63
75.63
75.63
75.63
75.93
75.93
75.93
75.93
75.93
75.93
75.93
75.93
75.93
75.76
73.19
71.35
71.35
71.35
71.35
71.35
71.35
71.35
71.35
71.35
71.35
