83.07
83.07
83.07
83.07
83.07
83.07
83.07
83.07
83.07
83.07
83.07
83.07
83.07
83.07
83.07
83.07
83.07
83.07
83.07
81.54
81.54
81.54
81.54
81.54
81.54
81.54
81.54
81.54
81.54
81.54
81.54
81.54
81.54
81.54
81.54
81.54
81.54
81.54
81.54
81.54
81.54
81.54
81.54
81.54
81.54
81.54
81.54
81.54
81.54
81.54
81.54
81.54
81.54
81.54
81.54
81.54
81.54
81.54
81.54
81.54
81.54
81.54
81.54
81.54
79.57
79.57
79.57
79.57
79.57
79.57
79.57
79.57
79.57
79.57
79.57
79.57
79.57
79.57
79.57
79.57
79.57
79.57
79.57
79.57
79.57
79.57
79.57
79.57
79.57
79.57
79.57
79.57
77.24
77.24
77.24
77.24
77.24
74.52
74.52
74.52
74.52
74.52
74.52
74.52
74.52
72.41
72.41
72.41
72.41
72.41
72.41
72.41
72.41
72.41
72.41
72.41
72.98
72.98
72.98
72.98
72.98
72.98
72.98
72.98
72.98
72.98
72.98
72.98
72.98
72.98
72.98
72.98
72.98
72.98
72.98
72.98
72.98
72.98
72.98
72.98
72.98
72.98
72.98
72.98
72.98
72.98
72.98
72.98
72.98
72.98
72.98
72.98
72.98
72.98
72.98
72.98
72.98
72.98
72.98
72.98
72.98
72.98
72.98
72.98
72.98
72.98
72.98
72.98
72.98
72.98
72.98
72.98
72.98
72.98
72.98
73.58
73.58
73.58
73.58
73.58
73.58
73.58
73.58
73.58
73.58
73.58
73.58
73.58
73.58
73.58
73.58
73.58
73.58
73.58
73.94
73.94
73.94
74.36
74.36
74.36
