108.18
108.17
107.53
107.6
108.07
108.12
108.03
108.0
108.01
107.52
106.76
105.97
105.32
99.56
101.12
42.58
47.65
42.6
44.71
54.31
59.14
60.1
61.29
62.11
65.11
70.64
94.86
98.53
97.86
97.58
97.02
96.14
93.85
77.31
82.08
83.35
84.59
86.23
87.76
89.77
89.8
91.1
91.92
91.33
90.84
92.2
93.67
94.68
96.33
96.44
95.55
94.66
95.86
96.27
96.29
98.1
94.57
96.2
97.53
99.4
98.3
96.57
96.17
101.73
96.7
97.14
93.37
94.56
94.47
94.06
85.62
85.2
84.61
82.85
83.72
82.21
81.91
81.32
82.58
80.19
78.83
80.0
81.33
86.11
87.51
89.37
90.2
90.89
91.48
92.59
92.86
92.85
91.53
92.32
92.58
91.74
92.14
92.69
92.38
89.57
92.37
92.75
90.46
92.86
93.73
92.02
90.89
91.41
93.0
93.02
93.21
94.95
95.83
96.64
94.92
95.05
96.09
96.61
96.22
95.96
93.93
94.19
92.21
94.3
94.91
93.54
93.87
94.88
95.2
99.11
96.3
92.92
92.22
92.24
91.1
86.98
82.49
87.56
88.76
91.32
91.46
92.45
91.01
90.49
92.05
93.49
93.12
93.69
94.42
92.58
92.17
90.38
90.88
91.16
91.61
91.49
92.44
93.1
94.09
93.58
91.79
92.25
93.26
94.64
96.25
95.88
96.49
98.02
98.21
97.69
95.85
90.95
93.22
94.26
96.08
97.69
97.96
97.47
94.85
94.59
95.06
96.24
96.85
95.85
97.03
89.21
90.05
94.19
93.31
93.54
91.44
96.74
97.31
95.91
95.25
96.72
96.98
92.88
92.18
92.32
