-142.46	-35.60	17.98	126.57
-142.40	-35.64	18.16	125.48
-141.90	-35.41	18.04	124.71
-141.19	-35.33	18.09	126.06
-140.58	-35.34	18.45	127.43
-140.86	-35.31	19.05	128.79
-140.98	-35.52	19.38	129.68
-141.01	-36.42	19.48	131.55
-140.96	-36.84	19.37	132.21
-141.02	-37.0	19.28	132.11
-140.90	-37.12	19.07	131.95
-140.84	-37.19	18.78	129.52
-140.83	-37.19	18.47	128.47
-141.25	-37.23	18.66	129.23
-142.36	-37.42	18.66	133.06
-143.39	-37.42	18.51	146.95
-144.68	-38.38	17.86	150.51
-146.14	-38.76	17.34	151.62
-146.08	-38.76	13.8	151.73
-144.60	-39.25	18.02	151.59
-143.32	-38.26	19.75	151.39
-141.87	-37.75	19.58	149.83
-140.97	-36.97	19.12	148.63
-140.62	-36.8	19.32	147.98
-140.67	-36.61	17.15	147.41
-140.69	-36.3	16.22	146.92
-140.72	-36.23	13.85	144.70
-140.69	-36.31	12.8	142.79
-140.74	-36.62	11.58	142.37
-140.27	-36.58	11.02	142.47
-139.41	-36.54	10.91	142.63
-138.76	-36.81	10.91	143.53
-138.73	-37.46	11.59	144.57
-138.86	-37.16	11.88	144.78
-138.85	-36.31	11.97	141.61
-138.75	-36.31	11.4	149.06
-138.51	-35.75	11.75	141.96
-138.55	-35.77	12.83	139.20
-138.62	-36.09	13.37	138.65
-138.55	-36.61	13.65	138.17
-138.52	-36.92	13.6	138.30
-138.60	-35.55	13.67	144.38
-138.53	-35.55	13.85	152.78
-138.53	-35.68	14.79	152.78
-138.58	-35.9	15.64	164.96
-138.54	-36.3	15.9	133.36
-138.49	-36.72	15.9	121.78
-138.22	-36.72	17.68	116.31
-137.96	-37.13	17.21	128.92
-137.80	-37.03	16.81	156.28
-137.68	-36.9	17.17	153.84
-137.62	-36.88	16.48	169.36
-137.66	-36.67	16.18	144.95
-138.14	-36.53	16.18	120.05
-139.31	-36.53	16.89	114.34
-139.86	-36.32	17.26	114.22
-140.05	-36.46	18.07	114.34
-139.48	-36.56	18.23	114.13
-139.48	-36.54	18.33	114.13
-139.72	-36.49	18.23	114.03
-140.02	-36.36	18.17	113.85
-140.02	-35.99	18.21	113.85
-140.50	-35.68	18.64	113.38
-140.73	-35.32	19.18	113.53
-140.77	-35.21	19.18	113.94
-141.65	-35.21	19.01	114.15
-142.46	-35.35	18.94	115.14
-142.66	-35.89	18.45	116.41
-143.27	-36.3	17.68	116.94
-144.03	-37.16	17.29	117.01
-144.36	-37.68	17.2	116.79
-144.36	-38.01	17.39	116.79
-145.35	-37.71	17.97	117.34
-144.99	-37.25	17.97	117.39
-144.55	-36.53	17.97	118.03
-144.17	-36.53	19.3	118.53
-144.15	-36.15	20.72	118.74
-144.31	-36.3	22.49	119.87
-143.87	-36.39	23.37	120.86
-142.87	-36.45	23.51	121.24
-142.35	-36.51	22.84	121.05
-141.51	-36.46	22.4	120.74
-140.73	-36.48	21.04	120.93
-139.97	-36.47	20.34	121.81
-141.39	-36.35	20.23	122.57
-141.89	-36.22	20.27	123.04
-141.89	-36.12	20.47	123.04
-142.01	-36.05	20.62	124.36
-141.32	-36.08	20.78	124.66
-140.65	-36.05	20.99	125.21
-140.25	-35.67	21.05	124.92
-139.66	-35.16	18.76	124.82
-139.36	-35.2	17.57	124.21
-140.36	-35.61	17.47	123.73
-140.71	-35.88	18.61	124.73
-141.40	-36.07	18.09	125.50
-140.51	-36.25	17.24	127.14
-139.68	-36.65	14.48	126.61
-139.19	-36.85	14.93	126.01
-139.10	-36.17	15.07	126.48
-139.09	-35.86	15.27	128.04
-138.88	-35.85	15.56	129.34
-138.54	-36.0	16.44	129.53
-138.27	-36.17	17.15	129.98
-139.08	-36.27	17.63	130.41
-139.87	-36.18	17.4	131.03
-140.54	-36.16	16.88	138.19
-141.05	-36.12	16.79	144.99
-141.24	-36.07	16.6	145.00
-141.51	-36.03	16.54	144.79
-141.71	-36.03	16.37	143.86
-141.97	-36.01	15.61	142.69
-142.04	-35.93	15.61	141.89
-142.14	-35.93	14.66	136.52
-142.15	-35.76	14.98	132.81
-141.93	-36.6	15.41	132.64
-141.63	-36.35	16.51	131.83
-141.98	-35.71	24.45	131.31
-142.96	-34.52	24.45	130.88
-143.48	-34.52	19.88	130.19
-143.56	-33.88	19.09	129.63
-143.16	-33.75	19.92	129.21
-142.40	-33.52	20.3	129.51
-142.03	-33.52	20.49	130.12
-141.02	-33.83	20.65	131.37
-140.24	-34.33	20.3	132.79
-140.39	-34.33	20.09	133.38
-140.87	-34.74	19.63	133.00
-141.23	-35.01	19.42	132.65
-142.00	-35.26	19.11	132.27
-141.64	-35.54	19.49	132.37
-140.91	-35.67	19.71	132.39
-139.02	-35.81	19.72	132.40
-136.86	-35.84	19.75	132.86
-135.45	-35.9	19.68	133.38
-135.73	-36.03	19.52	133.28
-136.06	-36.22	19.27	132.91
-137.40	-36.36	19.23	132.53
-138.96	-36.02	19.33	131.88
-141.66	-35.53	19.33	131.24
-141.66	-35.53	18.96	131.24
-142.09	-34.86	18.96	132.01
-141.95	-34.86	18.9	136.21
-142.01	-35.73	18.94	137.68
-142.35	-36.29	17.51	138.19
-142.65	-36.7	16.54	139.05
-141.22	-37.29	15.73	139.37
-140.69	-37.41	16.05	139.85
-141.53	-37.67	16.19	140.24
-142.18	-37.11	15.18	139.99
-142.55	-36.55	16.38	139.82
-142.20	-36.21	22.36	139.63
-141.97	-35.76	29.43	139.54
-141.97	-35.35	22.84	139.54
-142.54	-35.35	19.61	138.99
-143.07	-35.71	10.46	138.51
-141.80	-35.93	5.72	137.99
-140.34	-35.93	5.79	137.26
-140.16	-35.93	6.46	136.72
-140.97	-36.11	6.97	137.05
-141.56	-36.64	9.08	137.47
-142.03	-37.04	12.43	137.38
-142.24	-37.09	14.26	136.63
-142.39	-37.09	14.6	135.88
-142.66	-37.09	15.18	135.16
-142.73	-36.81	15.48	134.65
-142.69	-36.71	15.48	134.79
-141.53	-37.25	16.27	135.09
-140.93	-37.4	17.25	135.83
-141.17	-37.4	17.37	136.75
-141.27	-37.13	15.96	137.86
-141.59	-36.42	16.3	138.80
-142.01	-35.56	17.35	138.44
-142.17	-35.38	16.28	137.86
-142.59	-35.07	15.89	137.64
-141.58	-34.85	15.4	137.32
-141.58	-35.09	15.48	136.54
-140.25	-35.6	14.58	144.03
-139.63	-35.6	13.34	145.01
-141.05	-35.77	12.11	144.60
-141.80	-36.33	12.21	144.32
-141.99	-36.8	12.47	144.09
-141.96	-36.41	12.66	143.71
-141.94	-35.45	13.41	142.95
-141.34	-34.95	13.24	142.37
-140.53	-33.92	13.28	141.77
-139.67	-33.8	13.63	140.34
-139.91	-33.67	14.05	139.70
-140.17	-33.7	14.27	138.94
-140.19	-34.3	14.27	137.58
-139.37	-34.3	15.09	136.60
-138.73	-34.74	15.62	136.13
-138.60	-34.91	16.02	134.96
-139.10	-35.26	16.87	133.56
-139.60	-35.42	16.77	133.05
-139.60	-34.76	16.26	133.05
-138.84	-34.76	15.64	131.94
-138.52	-34.53	15.61	131.73
-138.81	-34.14	15.58	131.43
-138.98	-34.24	15.4	130.97
