-117.72 -29.49 38.92 159.69
-117.7 -29.43 39.02 159.69
-117.7 -29.32 39.02 159.69
-117.53 -29.32 39.04 159.65
-117.53 -29.24 39.04 159.65
-117.53 -29.24 39.04 159.65
-117.53 -29.24 39.04 159.65
-117.53 -29.24 39.04 159.65
-117.53 -29.24 39.04 159.65
-117.53 -29.24 39.04 159.65
-117.53 -29.24 39.04 159.65
-117.53 -29.24 39.04 159.65
-118.46 -29.24 38.98 159.51
-118.9 -29.2 38.85 159.37
-119.17 -28.94 38.62 159.27
-119.58 -29.15 38.65 159.34
-119.58 -29.13 37.32 159.45
-119.46 -28.93 36.99 159.57
-119.64 -28.87 36.46 159.87
-119.68 -29.04 37.31 160.12
-119.68 -29.55 37.31 160.12
-119.65 -29.55 37.58 160.12
-119.65 -29.66 37.58 160.12
-119.65 -29.66 37.58 160.12
-119.65 -29.66 37.58 160.12
-119.65 -29.66 37.58 160.12
-119.65 -29.66 37.58 160.12
-119.65 -29.66 37.58 160.12
-119.65 -29.66 37.58 160.12
-119.69 -29.66 37.91 160.12
-119.72 -29.58 38.12 160.66
-119.56 -29.48 38.27 160.62
-119.21 -29.48 37.42 160.43
-119.13 -29.48 36.12 160.32
-118.55 -29.37 36.18 160.32
-117.88 -29.33 36.34 160.46
-117.57 -29.6 36.41 160.69
-117.48 -29.67 36.51 160.84
-117.48 -29.72 36.51 160.84
-117.54 -29.72 36.67 160.98
-117.54 -29.72 36.67 160.98
-117.54 -29.72 36.67 160.98
-117.54 -29.72 36.67 160.98
-117.54 -29.72 36.67 160.98
-117.54 -29.72 36.67 160.98
-117.54 -29.72 36.67 160.98
-117.54 -29.72 36.67 160.98
-117.85 -29.72 36.77 160.93
-118.36 -29.82 36.9 160.75
-118.76 -29.85 37.12 160.71
-118.76 -29.76 36.27 160.46
-118.6 -29.42 35.85 160.17
-118.61 -29.02 35.75 159.86
-118.7 -28.92 35.61 159.77
-118.76 -28.77 34.54 159.59
-118.69 -28.73 34.31 159.39
-118.69 -29.33 34.31 159.39
-118.68 -29.33 34.31 159.39
-118.68 -29.33 34.31 159.39
-118.68 -29.33 34.31 159.39
-118.68 -29.33 34.31 159.39
-118.68 -29.33 34.31 159.39
-118.68 -29.33 34.31 159.39
-118.68 -29.33 34.31 159.39
-118.68 -29.33 34.31 159.39
-118.64 -29.33 34.08 159.21
-118.79 -29.43 33.79 159.29
-119.19 -29.43 33.79 159.18
-119.62 -29.49 33.79 159.41
-119.91 -28.87 33.66 159.56
-120.3 -28.77 34.43 159.51
-120.93 -28.78 34.94 159.53
-121.27 -28.66 35.42 159.49
-121.27 -28.76 35.42 159.49
-121.27 -28.76 35.42 159.49
-121.38 -28.76 35.03 159.29
-121.38 -28.59 35.03 159.29
-121.38 -28.59 35.03 159.29
-121.38 -28.59 35.03 159.29
-120.72 -28.59 34.51 159.01
-120.47 -28.41 33.84 158.9
-119.49 -28.32 33.48 158.81
-118.39 -28.81 33.72 158.59
-118.04 -29.09 34.11 159.2
-118.36 -29.21 34.4 159.93
-118.45 -29.4 34.73 159.85
-119.26 -29.54 34.47 158.92
-119.26 -29.64 34.47 158.92
-119.26 -29.64 34.47 158.92
-119.74 -29.64 33.02 158.92
-119.74 -29.78 33.02 158.92
-119.74 -29.78 33.02 158.92
-119.74 -29.78 33.02 158.92
-119.74 -29.78 33.02 158.92
-119.74 -29.78 33.02 158.92
-119.74 -29.78 33.02 158.92
-120.52 -29.78 32.37 158.92
-120.07 -29.82 31.36 158.52
-119.71 -29.93 30.11 158.16
-119.71 -30.06 29.65 158.17
-118.72 -30.08 30.45 158.18
-118.37 -30.02 28.55 158.1
-118.37 -30.02 30.05 158.19
-118.37 -30.02 29.89 158.35
-118.82 -29.99 29.53 158.63
-118.82 -29.99 29.53 158.63
-118.92 -29.99 29.53 159.12
-118.92 -29.99 29.53 159.12
-118.92 -29.99 29.53 159.12
-118.92 -29.99 29.53 159.12
-118.92 -29.99 29.53 159.12
-118.92 -29.99 29.53 159.12
-118.92 -29.99 29.53 159.12
-118.92 -29.99 29.53 159.12
-119.05 -29.99 29.51 159.36
-118.96 -30.33 29.46 159.36
-118.91 -30.15 29.4 159.12
-118.87 -29.88 29.5 158.87
-118.25 -29.52 29.7 158.87
-118.25 -29.02 29.7 158.87
-117.62 -29.02 30.52 159.4
-118.0 -28.45 30.93 159.54
-118.0 -28.32 30.93 159.54
-118.32 -28.32 30.1 159.87
-118.32 -28.32 30.1 159.87
-118.32 -28.32 30.1 159.87
-118.32 -28.32 30.1 159.87
-118.32 -28.32 30.1 159.87
-118.32 -28.32 30.1 159.87
-118.32 -28.32 30.1 159.87
-118.32 -28.32 30.1 159.87
-118.35 -28.32 29.47 159.87
-118.25 -28.32 27.92 159.71
-118.03 -28.65 28.46 159.25
-118.11 -29.72 30.12 159.1
-118.68 -29.72 30.64 159.36
-118.68 -30.06 30.64 159.36
-119.36 -30.06 29.34 159.58
-119.36 -29.93 29.01 159.58
-119.36 -29.82 28.94 159.42
-119.36 -29.64 28.94 159.42
-119.83 -29.64 28.94 159.24
-119.83 -29.6 28.94 159.24
-119.83 -29.6 28.94 159.24
-119.83 -29.6 28.94 159.24
-119.83 -29.6 28.94 159.24
-119.83 -29.6 28.94 159.24
-119.83 -29.6 28.94 159.24
-119.83 -29.6 28.94 159.24
-120.0 -29.6 28.94 158.94
-120.03 -29.31 28.85 158.7
-120.14 -29.35 29.01 158.87
-120.19 -29.34 29.33 159.13
-120.19 -29.28 29.33 159.13
-120.41 -29.28 30.34 159.39
-120.18 -28.75 31.38 159.51
-119.68 -28.39 32.39 158.62
-119.68 -28.39 32.39 158.62
-119.51 -28.39 33.47 158.62
-119.32 -28.38 33.47 158.62
-119.32 -28.38 33.47 158.62
-119.32 -28.38 33.47 158.62
-119.32 -28.38 33.47 158.62
-119.32 -28.38 33.47 158.62
-119.32 -28.38 33.47 158.62
-119.32 -28.38 33.47 158.62
-119.32 -28.38 33.47 158.62
-119.46 -28.38 33.84 158.74
-119.43 -28.55 33.84 159.2
-119.52 -29.36 34.21 159.48
-119.96 -29.36 34.26 159.85
-120.38 -29.36 33.84 159.84
-120.06 -29.17 33.65 159.84
-119.63 -29.02 33.13 159.88
-119.39 -28.95 32.61 159.77
-119.39 -28.9 32.61 159.77
-119.2 -28.9 32.54 159.75
-119.2 -28.85 32.54 159.75
-119.2 -28.85 32.54 159.75
-119.2 -28.85 32.81 159.75
-119.2 -28.85 32.81 159.75
-119.2 -28.85 32.81 159.75
-119.2 -28.85 32.81 159.75
-119.2 -28.85 32.81 159.75
-119.2 -28.85 32.81 159.75
-119.34 -28.85 32.99 159.81
-119.38 -28.83 33.43 159.71
-119.34 -28.72 33.21 159.87
-119.55 -28.67 32.27 159.9
-119.65 -28.65 31.64 159.99
-119.84 -28.65 31.79 160.0
-120.18 -28.52 32.68 160.0
-120.13 -28.26 26.39 159.95
-120.13 -27.7 26.39 159.95
-120.13 -27.7 26.39 159.95
-119.93 -27.7 27.29 159.95
-119.93 -27.18 27.29 159.95
-119.93 -27.18 27.29 159.95
-119.93 -27.18 27.29 159.95
-119.93 -27.18 27.29 159.95
