149.91 -137.21 -69.36 65.71
149.91 -137.21 -69.36 65.71
149.91 -137.21 -69.36 65.71
149.91 -137.21 -69.45 65.71
149.91 -137.21 -69.45 65.71
149.91 -137.21 -69.45 65.71
149.91 -137.21 -69.45 65.71
149.91 -137.21 -69.57 65.71
149.66 -137.49 -69.2 66.44
149.63 -137.68 -68.93 66.81
149.6 -138.07 -68.93 67.89
149.18 -138.36 -68.93 68.46
148.71 -138.53 -68.93 68.7
148.42 -138.94 -68.94 69.14
148.45 -139.2 -68.99 68.63
148.45 -139.63 -68.99 68.63
148.45 -139.63 -68.99 68.63
148.37 -139.63 -68.98 68.36
148.37 -139.36 -68.98 68.36
148.37 -139.36 -68.98 68.36
148.37 -139.36 -68.98 68.36
148.37 -139.36 -68.98 68.36
148.37 -139.36 -68.98 68.36
148.37 -139.36 -68.98 68.36
148.48 -139.36 -69.07 67.98
148.47 -139.16 -68.69 67.48
148.56 -138.94 -68.35 67.48
148.78 -138.69 -68.3 67.15
149.08 -138.69 -68.3 67.0
149.47 -138.36 -68.79 66.58
149.47 -138.19 -69.33 66.51
149.6 -138.8 -69.36 66.28
149.67 -137.05 -69.5 65.86
149.67 -129.44 -69.5 65.86
149.67 -129.44 -69.6 65.46
149.67 -129.44 -69.6 65.46
149.67 -129.44 -69.6 65.46
149.67 -129.44 -69.6 65.46
149.67 -129.44 -69.6 65.46
149.67 -118.02 -69.6 65.46
149.67 -118.02 -69.6 65.46
149.67 -118.02 -69.6 65.46
150.01 -118.02 -69.67 65.08
150.31 -87.97 -69.76 65.08
150.31 -78.96 -69.76 65.08
150.98 -78.96 -70.24 64.77
151.24 -91.46 -70.22 63.39
150.73 -91.46 -70.16 62.62
150.73 -102.38 -70.16 62.62
150.45 -102.38 -70.05 63.27
150.45 -135.02 -70.05 63.27
150.48 -135.02 -70.04 63.64
150.48 -135.59 -70.04 63.64
150.48 -135.59 -70.04 63.64
150.48 -135.59 -70.04 63.64
150.48 -135.59 -70.04 63.64
150.48 -135.59 -70.04 63.64
150.48 -135.59 -70.04 63.64
150.48 -135.59 -70.04 63.64
150.72 -135.59 -70.1 63.88
150.88 -137.22 -70.55 64.93
151.14 -138.51 -70.72 66.08
152.19 -139.46 -70.81 66.39
152.52 -140.23 -70.55 67.17
152.68 -137.89 -70.55 67.68
152.53 -136.68 -70.43 67.34
152.51 -136.4 -70.19 66.86
152.51 -135.06 -70.19 66.86
152.57 -135.06 -69.8 66.86
152.57 -133.34 -69.8 66.86
152.57 -133.34 -69.8 66.86
152.57 -133.34 -69.8 66.86
152.57 -133.34 -69.8 66.86
152.57 -133.34 -69.8 66.86
152.57 -133.34 -69.8 66.86
152.57 -133.34 -69.8 66.86
152.62 -133.34 -69.8 66.86
152.7 -133.34 -69.4 65.89
152.7 -133.12 -69.25 64.26
152.22 -133.21 -69.28 62.81
151.89 -133.21 -69.26 62.9
151.72 -133.73 -69.1 64.28
151.71 -134.02 -68.88 65.17
151.7 -134.27 -68.6 65.57
151.42 -134.54 -68.21 66.34
151.42 -134.77 -68.21 66.34
151.05 -134.77 -68.14 66.34
151.05 -135.17 -68.14 66.34
151.05 -135.17 -68.14 66.34
151.05 -135.17 -68.14 66.34
151.05 -135.17 -68.14 66.34
151.05 -135.17 -68.14 66.34
151.05 -135.17 -68.14 66.34
151.05 -135.17 -68.14 66.34
150.78 -135.17 -67.85 66.75
150.78 -135.38 -67.82 66.47
150.32 -135.73 -67.94 66.24
149.97 -135.73 -68.21 65.9
149.86 -136.41 -68.42 65.22
149.75 -136.7 -68.74 64.45
150.04 -136.77 -68.92 64.5
150.62 -136.17 -69.45 64.5
150.92 -135.96 -69.71 64.36
150.92 -135.96 -69.71 64.36
150.92 -135.96 -69.71 64.36
150.92 -135.96 -69.71 64.36
150.92 -135.96 -69.71 64.36
150.92 -135.96 -69.71 64.36
150.92 -135.96 -69.71 64.36
150.92 -135.96 -69.71 64.36
150.92 -135.96 -69.71 64.36
150.92 -135.96 -69.71 64.36
151.15 -135.96 -69.77 64.08
151.23 -135.5 -69.93 64.01
151.21 -135.31 -70.45 64.01
151.04 -134.81 -70.28 63.76
150.95 -134.43 -70.14 63.68
150.24 -133.94 -70.04 63.73
150.24 -133.64 -70.04 63.73
149.16 -133.64 -69.63 64.21
149.16 -134.45 -69.63 64.21
149.13 -134.45 -69.1 64.21
149.13 -135.79 -69.1 64.21
149.13 -135.79 -69.1 64.21
149.13 -135.79 -69.1 64.21
149.13 -135.79 -69.1 64.21
149.13 -135.79 -69.1 64.21
149.13 -135.79 -69.1 64.21
149.13 -135.79 -69.1 64.21
149.1 -135.79 -68.44 64.21
149.15 -136.17 -68.27 65.1
149.89 -137.54 -67.91 65.1
150.9 -139.02 -67.45 65.34
150.79 -139.02 -67.97 66.46
150.64 -138.96 -68.07 66.78
150.31 -138.69 -68.12 67.1
149.48 -137.68 -68.12 67.42
149.77 -135.81 -68.67 67.59
149.77 -135.44 -68.67 67.59
149.77 -135.44 -68.67 67.59
149.77 -135.48 -68.67 67.59
149.77 -135.48 -68.67 67.59
149.77 -135.48 -68.67 67.59
149.77 -135.48 -68.67 67.59
149.77 -135.48 -68.67 67.59
149.77 -135.48 -68.67 67.59
149.77 -135.48 -68.67 67.59
150.52 -135.48 -68.95 67.66
150.66 -135.52 -69.21 67.57
150.81 -135.41 -68.52 67.52
151.22 -135.51 -68.42 67.53
151.39 -135.87 -68.6 67.56
151.8 -136.06 -68.67 67.53
151.68 -136.38 -68.62 67.42
151.65 -137.13 -68.58 67.22
151.65 -136.31 -68.58 67.22
151.65 -136.31 -68.58 67.22
151.63 -136.31 -69.14 67.2
151.63 -137.33 -69.14 67.2
151.63 -137.33 -69.14 67.2
151.63 -137.33 -69.14 67.2
151.63 -137.33 -69.14 67.2
151.63 -137.33 -69.14 67.2
151.63 -137.33 -69.14 67.2
151.63 -137.33 -69.32 67.19
151.63 -136.98 -69.06 67.07
151.65 -136.45 -68.92 67.03
151.25 -136.06 -68.97 67.08
151.03 -136.69 -69.41 67.28
151.04 -136.96 -69.54 67.28
151.11 -137.38 -69.68 67.75
151.14 -137.38 -69.76 68.25
150.83 -137.65 -69.91 68.49
150.83 -137.81 -69.91 68.49
150.83 -137.81 -69.91 68.49
150.61 -137.81 -70.01 68.49
150.61 -137.96 -70.01 68.49
150.61 -137.96 -70.01 68.49
150.61 -137.96 -70.01 68.49
150.61 -137.96 -70.01 68.49
150.61 -137.96 -70.01 68.49
150.61 -137.96 -70.01 68.49
150.47 -137.96 -69.96 68.48
150.05 -137.81 -69.95 68.26
149.9 -137.56 -69.88 68.02
149.8 -136.99 -69.94 68.02
149.68 -136.8 -70.01 68.11
149.62 -138.93 -70.0 68.1
149.62 -136.47 -69.65 67.99
149.9 -135.99 -69.6 67.99
150.24 -135.24 -69.67 67.92
150.24 -134.73 -69.67 67.92
150.24 -134.73 -69.67 67.92
150.24 -134.73 -69.67 68.16
150.24 -134.73 -69.67 68.16
150.24 -134.73 -69.67 68.16
150.24 -134.73 -69.67 68.16
150.24 -134.73 -69.67 68.16
150.24 -134.73 -69.67 68.16
150.24 -134.73 -69.67 68.16
