162.22 -113.42 -81.05 52.71
162.18 -112.7 -81.06 54.99
162.18 -112.7 -81.06 54.99
162.18 -112.7 -81.06 54.99
162.18 -112.7 -81.06 54.99
162.18 -112.7 -81.06 54.99
162.18 -112.7 -81.06 54.99
162.18 -112.7 -81.06 54.99
162.18 -112.7 -81.06 54.99
162.18 -112.7 -81.06 54.99
162.18 -112.7 -81.06 54.99
161.76 -112.7 -81.08 56.66
161.62 -112.25 -80.98 57.15
160.76 -112.25 -80.98 57.66
160.76 -112.14 -81.02 56.57
160.22 -111.98 -81.31 55.97
159.79 -111.6 -81.46 55.4
159.57 -111.28 -81.39 54.95
159.46 -111.18 -81.28 55.06
159.46 -111.54 -81.28 55.06
159.21 -111.54 -81.21 55.13
159.21 -111.72 -81.21 55.13
159.21 -111.72 -81.21 55.13
159.21 -111.72 -81.21 55.13
159.21 -111.72 -81.21 55.13
159.21 -111.72 -81.21 55.13
159.21 -111.72 -81.21 55.13
159.21 -111.72 -81.21 55.13
159.21 -111.72 -81.21 55.29
158.72 -112.2 -81.29 55.04
158.29 -112.85 -81.38 54.7
158.59 -113.16 -81.46 54.52
158.28 -113.72 -81.5 54.15
158.4 -113.26 -81.57 54.15
158.5 -112.73 -81.58 53.61
158.11 -113.23 -81.58 52.72
158.11 -114.16 -81.55 52.46
158.11 -114.29 -81.55 52.46
158.16 -114.29 -81.57 52.46
158.16 -115.95 -81.57 52.46
158.16 -115.95 -81.57 52.46
158.16 -115.95 -81.57 52.46
158.16 -115.95 -81.57 52.46
158.16 -115.95 -81.57 52.46
158.16 -115.95 -81.57 52.46
158.16 -115.95 -81.57 52.46
154.48 -115.95 -81.66 52.08
148.27 -115.95 -81.71 52.18
148.2 -118.04 -81.75 52.18
139.69 -118.74 -81.8 52.29
121.55 -119.19 -82.08 52.43
116.69 -119.19 -82.03 52.46
144.19 -119.03 -81.95 52.46
152.74 -118.68 -81.88 52.49
157.62 -118.6 -81.87 52.4
157.62 -118.6 -81.87 52.4
159.21 -118.6 -81.87 52.4
159.21 -118.6 -81.87 52.4
159.21 -118.6 -81.87 52.4
159.21 -118.6 -81.87 52.4
159.21 -118.6 -81.87 52.4
159.21 -118.6 -81.87 52.4
159.21 -118.6 -81.87 52.4
161.96 -118.6 -81.8 52.84
161.96 -118.63 -81.78 52.84
167.19 -118.42 -81.85 53.56
169.96 -118.42 -81.85 53.9
170.57 -118.69 -82.02 54.58
170.91 -119.08 -82.05 54.78
171.7 -119.36 -82.02 55.27
172.62 -119.43 -81.88 55.27
172.62 -119.36 -81.88 55.27
172.62 -119.36 -81.88 55.27
173.71 -119.36 -81.88 55.42
173.71 -119.43 -81.88 55.42
173.71 -119.43 -81.88 55.42
173.71 -119.43 -81.88 55.42
173.71 -119.43 -81.88 55.42
173.71 -119.43 -81.88 55.42
173.71 -119.43 -81.88 55.42
173.71 -119.43 -81.83 55.77
173.63 -119.41 -81.74 55.9
173.63 -119.35 -81.88 56.04
173.29 -119.26 -81.88 56.2
173.1 -119.03 -81.88 56.16
173.36 -118.59 -81.97 56.19
173.69 -118.39 -82.01 56.32
173.69 -118.21 -82.11 56.45
174.34 -118.91 -82.11 56.61
174.34 -118.76 -82.11 56.61
174.34 -118.76 -82.11 56.61
174.07 -118.76 -82.11 56.7
174.07 -118.61 -82.11 56.7
174.07 -118.61 -82.11 56.7
174.07 -118.61 -82.11 56.7
174.07 -118.61 -82.11 56.7
174.07 -118.61 -82.11 56.7
174.07 -118.61 -82.11 56.7
174.07 -118.61 -82.14 57.25
173.62 -118.5 -82.31 57.4
173.72 -118.44 -82.13 56.83
173.97 -118.28 -82.13 55.5
174.47 -118.32 -81.74 54.36
174.81 -118.32 -81.6 54.57
174.81 -118.31 -81.6 54.57
174.87 -118.31 -81.54 55.0
175.37 -117.91 -81.56 55.26
175.37 -117.85 -81.56 55.26
175.64 -117.85 -81.56 55.4
175.64 -117.85 -81.56 55.4
175.64 -117.85 -81.56 55.4
175.64 -117.85 -81.56 55.4
175.64 -117.85 -81.56 55.4
175.64 -117.85 -81.56 55.4
175.64 -117.85 -81.56 55.4
175.64 -117.85 -81.56 55.4
176.16 -117.85 -81.46 55.4
176.37 -117.98 -81.67 55.26
176.27 -118.09 -81.73 54.44
176.27 -118.26 -81.89 54.71
175.87 -118.27 -81.89 55.97
175.51 -119.74 -82.11 56.71
175.45 -119.74 -81.77 56.71
175.33 -120.08 -81.43 58.06
175.33 -117.62 -81.43 58.06
175.33 -117.62 -81.24 58.89
175.33 -117.12 -81.24 58.89
175.33 -117.12 -81.24 58.89
175.33 -117.12 -81.24 58.89
175.33 -117.12 -81.24 58.89
175.33 -117.12 -81.24 58.89
175.33 -117.12 -81.24 58.89
175.33 -117.12 -81.24 58.89
175.09 -117.12 -81.24 59.28
175.01 -116.71 -81.3 59.56
174.9 -116.79 -81.23 59.73
174.7 -117.41 -81.28 59.81
174.7 -118.76 -81.34 59.91
174.7 -119.57 -81.33 59.88
174.47 -121.17 -81.33 59.54
175.41 -121.78 -81.33 58.92
176.05 -122.78 -81.43 58.92
176.05 -122.78 -81.43 58.92
176.05 -122.78 -81.42 58.44
176.05 -123.11 -81.42 58.44
176.05 -123.79 -81.42 58.44
176.05 -123.79 -81.42 58.44
176.05 -123.79 -81.42 58.44
176.05 -123.79 -81.42 58.44
176.05 -123.79 -81.42 58.44
176.05 -123.79 -81.42 58.44
176.43 -123.79 -81.53 57.93
176.37 -124.27 -81.51 56.43
176.37 -124.58 -81.51 56.43
176.04 -124.58 -81.59 54.17
175.74 -124.6 -81.53 53.72
175.43 -124.32 -81.49 53.65
174.73 -123.52 -81.62 53.59
174.73 -123.14 -81.74 53.85
174.89 -123.02 -81.79 54.8
174.89 -123.01 -81.79 54.8
174.89 -123.01 -81.79 54.8
174.89 -123.0 -81.79 54.8
174.94 -123.0 -81.79 54.8
174.94 -123.0 -81.79 54.8
174.94 -123.0 -81.79 54.8
174.94 -123.0 -81.79 54.8
174.94 -123.0 -81.79 54.8
174.94 -123.0 -81.79 54.8
175.21 -123.0 -81.84 56.08
175.96 -122.49 -81.9 56.52
175.96 -121.75 -81.89 57.11
176.29 -120.64 -81.89 57.85
176.63 -118.96 -81.84 58.8
176.91 -118.96 -81.7 59.61
176.91 -118.96 -81.62 59.82
177.02 -119.71 -81.56 59.82
177.02 -119.55 -81.56 59.82
177.15 -119.55 -81.57 59.82
177.15 -119.56 -81.57 59.82
177.15 -119.56 -81.57 59.82
177.15 -119.56 -81.57 59.82
177.15 -119.56 -81.57 59.82
177.15 -119.56 -81.57 59.82
177.15 -119.56 -81.57 59.82
177.15 -119.56 -81.57 59.82
177.21 -119.56 -81.64 59.9
177.28 -118.84 -81.96 60.01
177.59 -118.7 -81.96 60.01
177.59 -118.39 -82.21 59.94
178.03 -117.08 -82.21 59.98
178.08 -116.48 -82.14 60.0
178.14 -116.77 -81.96 60.45
177.97 -116.77 -81.96 60.83
177.41 -117.23 -81.48 60.83
177.41 -117.32 -81.48 60.83
177.41 -117.32 -81.48 61.07
177.41 -117.15 -81.48 61.07
177.41 -117.15 -81.48 61.07
177.41 -117.15 -81.48 61.07
