93.30 156.94 -158.40 -55.73
93.3 156.82 -158.4 -55.73
93.3 156.82 -158.4 -55.73
93.3 156.82 -158.65 -55.78
93.3 156.82 -158.65 -55.78
93.3 156.82 -158.65 -55.78
93.3 156.82 -158.65 -55.78
93.3 156.82 -158.65 -55.78
93.3 156.82 -158.65 -55.78
93.15 156.82 -158.65 -55.78
92.94 156.8 -158.1 -55.85
92.73 157.96 -157.89 -55.66
92.63 159.07 -157.89 -55.18
92.63 159.21 -157.89 -55.18
91.83 159.21 -157.9 -54.3
91.26 159.02 -158.15 -53.78
91.32 159.02 -158.34 -53.54
91.41 159.25 -158.42 -53.63
91.41 159.5 -158.42 -53.63
91.52 159.5 -158.42 -53.66
91.52 159.5 -158.42 -53.66
91.52 159.5 -158.42 -53.66
91.52 159.5 -158.42 -53.66
91.52 159.5 -158.42 -53.66
91.52 159.5 -158.42 -53.66
91.52 159.5 -158.42 -53.66
91.52 159.5 -158.42 -53.66
91.52 159.5 -158.42 -53.66
91.49 159.5 -157.56 -53.34
91.44 160.07 -156.78 -53.32
91.44 159.49 -156.78 -53.32
91.28 159.49 -156.48 -53.63
90.79 157.96 -156.01 -54.17
90.39 157.96 -155.46 -54.17
90.39 157.03 -155.46 -54.17
89.5 157.03 -156.54 -54.64
89.5 156.57 -156.54 -54.64
89.08 156.57 -156.54 -54.64
89.08 156.72 -156.54 -54.64
89.08 156.72 -156.54 -54.64
89.08 156.72 -156.54 -54.64
89.08 156.72 -156.54 -54.64
89.08 156.72 -156.54 -54.64
89.08 156.72 -156.54 -54.64
89.08 156.72 -156.54 -54.64
88.93 156.72 -157.95 -54.85
88.93 157.2 -158.62 -55.21
88.62 157.71 -158.62 -55.49
88.62 157.71 -158.62 -55.61
88.61 158.02 -158.35 -55.79
88.6 158.02 -158.08 -55.89
88.53 158.11 -157.92 -55.57
88.53 158.14 -157.92 -54.74
88.53 157.89 -157.92 -54.74
88.32 157.89 -157.69 -54.58
88.32 157.53 -157.69 -54.58
88.32 157.53 -157.69 -54.58
88.32 157.53 -158.11 -54.58
88.32 157.53 -158.11 -54.58
88.32 157.53 -158.11 -54.58
88.32 157.53 -158.11 -54.58
88.32 157.53 -158.11 -54.58
88.32 157.53 -158.11 -54.58
88.34 157.53 -158.38 -54.51
88.09 156.85 -158.55 -54.91
87.96 157.32 -158.83 -55.34
87.76 158.13 -159.19 -55.77
87.77 158.48 -159.42 -56.23
87.89 158.85 -159.66 -56.03
88.18 158.85 -159.9 -55.83
88.18 158.55 -159.9 -55.83
88.37 158.55 -159.9 -55.66
88.3 158.33 -160.17 -55.66
88.3 158.26 -160.17 -55.66
88.17 158.26 -160.17 -55.47
88.08 158.07 -159.62 -54.44
88.18 158.07 -159.19 -54.13
88.22 157.37 -159.19 -54.38
88.1 157.39 -158.5 -54.38
89.08 157.61 -158.4 -55.6
89.6 157.61 -158.39 -55.88
89.9 157.76 -158.18 -55.83
89.9 157.76 -158.18 -55.83
89.72 157.76 -158.04 -55.83
89.72 157.76 -158.04 -55.83
89.72 157.76 -158.04 -55.83
89.72 157.76 -158.04 -55.83
89.72 157.76 -158.04 -55.83
89.72 157.76 -158.04 -55.83
89.72 157.76 -158.04 -55.83
89.72 157.76 -158.04 -55.83
89.42 157.76 -158.06 -55.88
88.9 157.85 -157.95 -55.8
88.56 157.99 -157.79 -55.98
88.32 157.98 -157.55 -56.4
88.2 157.98 -157.45 -56.83
88.1 157.86 -157.14 -57.13
88.1 157.84 -157.14 -57.13
88.52 157.84 -156.81 -57.26
88.67 158.29 -156.81 -56.66
88.67 157.97 -156.81 -56.66
88.67 157.97 -156.56 -56.66
88.67 157.6 -156.56 -56.66
88.67 157.6 -156.56 -56.66
88.67 157.6 -156.56 -56.66
88.67 157.6 -156.56 -56.66
88.67 157.6 -156.56 -56.66
88.67 157.6 -156.56 -56.66
88.67 157.6 -156.47 -56.06
88.79 157.3 -156.35 -55.75
89.1 157.05 -156.34 -55.75
89.39 156.74 -156.33 -55.72
89.39 156.63 -157.35 -55.72
89.74 156.47 -157.67 -55.77
89.74 156.47 -157.67 -55.77
90.14 156.47 -157.37 -55.88
90.28 156.09 -157.3 -56.08
90.28 156.2 -157.3 -56.08
90.28 156.2 -157.3 -56.08
90.28 156.2 -157.3 -56.23
90.28 156.35 -157.3 -56.23
90.28 156.35 -157.3 -56.23
90.28 156.35 -157.3 -56.23
90.28 156.35 -157.3 -56.23
90.28 156.35 -157.3 -56.23
90.28 156.35 -157.3 -56.23
90.37 156.35 -157.14 -56.3
90.4 156.58 -156.41 -55.65
90.46 156.67 -156.47 -55.21
90.65 156.76 -156.51 -55.21
90.65 156.75 -156.51 -55.21
90.65 156.75 -156.52 -54.53
90.61 156.75 -156.91 -53.61
90.46 156.48 -156.63 -53.46
90.46 156.32 -156.63 -53.46
90.46 156.32 -156.63 -53.46
90.41 156.32 -156.54 -53.52
90.41 156.17 -156.54 -53.52
90.41 156.17 -156.54 -53.52
90.41 156.17 -156.54 -53.52
90.41 156.17 -156.54 -53.52
90.41 156.17 -156.54 -53.52
90.41 156.17 -156.54 -53.52
90.41 156.17 -156.54 -53.52
90.34 156.17 -156.49 -53.79
90.13 155.86 -156.43 -53.48
90.09 155.81 -157.23 -53.48
90.2 155.68 -157.51 -53.48
90.26 155.66 -157.51 -53.31
90.26 156.04 -157.86 -53.17
90.23 156.83 -157.86 -52.79
90.12 157.41 -157.79 -52.65
90.12 157.41 -157.79 -52.65
90.12 157.41 -157.79 -52.65
90.12 157.41 -157.62 -52.72
90.12 157.57 -157.62 -52.72
90.12 157.57 -157.62 -52.72
90.12 157.57 -157.62 -52.72
90.12 157.57 -157.62 -52.72
90.12 157.57 -157.62 -52.72
90.12 157.57 -157.62 -52.72
90.12 157.57 -157.62 -52.72
89.97 157.57 -157.36 -53.07
89.85 157.75 -157.49 -53.55
89.69 157.84 -157.6 -53.78
89.55 157.78 -157.7 -53.95
89.55 157.98 -158.09 -54.1
89.55 158.1 -158.56 -54.09
89.43 158.55 -158.74 -54.05
90.36 158.86 -158.93 -54.16
90.36 159.11 -158.93 -54.16
90.36 159.11 -158.93 -54.16
90.36 159.44 -158.93 -54.16
90.36 159.44 -158.93 -54.16
90.36 159.44 -158.93 -54.16
90.36 159.44 -158.93 -54.16
90.36 159.44 -158.93 -54.16
90.36 159.44 -158.93 -54.16
90.81 159.44 -158.93 -54.18
91.32 159.44 -158.33 -54.51
91.32 159.39 -156.74 -55.0
91.6 159.39 -156.74 -55.31
90.97 158.88 -156.31 -55.28
90.63 158.88 -156.13 -55.29
90.17 158.55 -156.13 -55.21
89.91 158.23 -156.13 -55.28
89.73 157.81 -155.69 -55.28
89.73 157.7 -155.69 -55.28
89.73 157.7 -155.59 -55.33
89.73 157.43 -155.59 -55.33
89.73 157.43 -155.59 -55.33
89.73 157.43 -155.59 -55.33
89.73 157.43 -155.59 -55.33
89.73 157.43 -155.59 -55.33
89.73 157.43 -155.59 -55.33
89.73 157.43 -155.59 -55.33
89.55 157.43 -155.44 -55.33
89.33 156.79 -155.44 -55.16
89.33 156.79 -155.75 -55.02
89.2 156.52 -155.83 -54.8
