74.55 162.11 -47.21 -71.96
74.55 162.13 -47.21 -71.96
74.55 162.13 -47.21 -71.96
74.55 162.13 -47.21 -71.96
74.55 162.15 -47.21 -71.96
74.55 162.15 -47.21 -71.96
74.55 162.15 -47.21 -71.96
74.55 162.15 -47.21 -71.96
74.55 162.15 -47.21 -71.96
74.55 162.15 -47.21 -71.96
74.68 162.15 -49.61 -72.26
74.88 162.09 -49.61 -72.8
75.01 162.03 -50.54 -72.89
75.14 161.81 -51.52 -73.05
75.16 162.15 -50.86 -73.05
75.16 162.25 -50.86 -73.05
75.43 162.25 -47.17 -73.05
75.43 162.16 -47.17 -73.05
75.43 162.16 -47.17 -73.05
75.43 162.16 -47.79 -73.1
75.43 162.16 -47.79 -73.1
75.43 162.16 -47.79 -73.1
75.43 162.16 -47.79 -73.1
75.43 162.16 -47.79 -73.1
75.43 162.16 -47.79 -73.1
73.22 162.16 -47.93 -73.02
72.41 162.1 -48.57 -73.0
71.87 161.94 -48.72 -73.06
72.24 161.76 -48.25 -73.29
71.76 161.69 -47.95 -73.4
71.68 161.52 -47.83 -73.64
71.48 161.44 -47.83 -73.44
71.48 161.44 -47.51 -73.25
71.88 161.38 -47.08 -72.65
71.88 161.38 -47.08 -72.65
71.88 161.38 -47.08 -72.65
71.88 161.38 -47.08 -72.48
71.88 161.38 -47.08 -72.48
71.88 161.38 -47.08 -72.48
71.88 161.38 -47.08 -72.48
71.88 161.38 -47.08 -72.48
71.88 161.38 -47.08 -72.48
71.88 161.38 -47.08 -72.48
70.5 161.38 -47.0 -72.33
67.98 161.28 -46.69 -72.05
66.61 161.05 -46.68 -71.97
66.61 160.85 -46.78 -71.9
65.27 160.97 -46.81 -71.78
70.36 161.06 -46.81 -71.74
71.8 161.35 -46.81 -71.7
73.52 161.29 -46.68 -71.67
73.52 161.23 -46.68 -71.67
73.52 161.23 -46.68 -71.67
73.34 161.23 -46.68 -71.69
73.34 161.23 -46.68 -71.69
73.34 161.23 -46.68 -71.69
73.34 161.23 -46.68 -71.69
73.34 161.23 -46.68 -71.69
73.34 161.23 -46.68 -71.69
73.34 161.23 -46.68 -71.69
73.43 161.23 -46.71 -71.69
73.5 161.23 -46.68 -71.84
73.96 161.22 -46.83 -71.87
74.6 161.68 -46.83 -72.1
74.73 161.86 -43.78 -72.14
74.73 161.97 -45.81 -72.28
72.9 161.86 -48.02 -72.4
71.53 161.75 -48.58 -72.44
71.53 161.7 -48.58 -72.44
71.53 161.7 -48.58 -72.44
70.89 161.7 -48.74 -72.62
70.89 161.7 -48.74 -72.62
70.89 161.7 -48.74 -72.62
70.89 161.7 -48.74 -72.62
70.89 161.7 -48.74 -72.62
70.89 161.7 -48.74 -72.62
70.89 161.7 -48.74 -72.62
71.75 161.7 -48.74 -72.6
72.49 161.68 -49.16 -72.6
72.93 161.5 -50.08 -72.66
73.13 161.5 -50.4 -72.58
73.13 161.5 -50.4 -72.58
72.97 161.5 -50.14 -72.44
72.88 161.09 -49.86 -72.7
72.61 161.21 -49.52 -72.85
72.61 161.21 -49.52 -72.85
72.61 161.21 -49.28 -73.23
72.61 161.22 -49.28 -73.23
72.61 161.22 -49.28 -73.23
72.61 161.22 -49.28 -73.23
72.61 161.22 -49.28 -73.23
72.61 161.22 -49.28 -73.23
72.61 161.22 -49.28 -73.23
72.61 161.22 -49.28 -73.23
72.56 161.22 -49.09 -73.19
72.47 161.38 -48.83 -72.94
72.29 161.25 -48.52 -72.76
72.29 161.32 -48.25 -72.83
72.29 161.29 -47.86 -73.03
72.29 161.41 -47.86 -73.03
72.26 161.41 -47.31 -73.11
72.3 161.85 -47.12 -72.99
72.54 161.97 -47.02 -72.93
72.54 162.12 -47.02 -72.93
72.54 162.12 -47.02 -72.93
72.54 162.12 -47.02 -72.93
72.54 162.12 -47.02 -72.93
72.54 162.12 -47.02 -72.93
72.54 162.12 -47.02 -72.93
72.54 162.12 -47.02 -72.93
72.54 162.12 -47.02 -72.93
72.15 162.12 -47.09 -72.85
71.73 162.13 -47.13 -72.87
71.73 162.07 -46.75 -72.86
71.67 162.13 -45.15 -72.84
71.59 162.17 -46.97 -73.46
71.54 162.17 -47.63 -73.6
71.36 162.2 -48.28 -73.68
71.04 162.19 -47.82 -73.73
71.04 162.1 -46.96 -73.83
71.04 162.05 -46.96 -73.83
71.04 162.05 -46.96 -73.83
70.75 162.05 -46.96 -73.83
70.75 162.05 -46.96 -73.83
70.75 162.05 -46.96 -73.83
70.75 162.05 -46.96 -73.83
70.75 162.05 -46.96 -73.83
70.75 162.05 -46.96 -73.83
70.75 162.05 -46.76 -73.78
70.75 162.02 -46.76 -73.78
70.1 162.02 -46.15 -73.58
69.76 162.06 -46.14 -73.65
69.39 162.19 -46.12 -73.81
68.98 162.39 -46.12 -74.28
68.55 162.6 -45.98 -74.53
68.36 162.75 -46.57 -74.33
68.36 163.1 -46.57 -74.33
67.84 163.1 -46.65 -74.07
67.84 163.1 -46.65 -74.07
67.71 163.1 -46.65 -74.07
67.71 163.33 -46.65 -74.07
67.71 163.33 -46.65 -74.07
67.71 163.33 -46.65 -74.07
67.71 163.33 -46.65 -74.07
67.71 163.33 -46.65 -74.07
67.71 163.33 -46.65 -74.07
67.91 163.33 -46.67 -73.85
67.62 163.65 -46.81 -73.45
67.94 163.72 -46.81 -73.33
68.12 163.75 -47.1 -73.22
68.49 163.75 -46.82 -73.22
68.66 163.88 -46.48 -72.96
68.83 163.92 -46.33 -72.97
68.92 163.4 -46.18 -73.05
68.92 163.09 -46.18 -73.05
68.92 163.09 -46.18 -73.05
68.88 163.09 -46.16 -73.05
68.88 162.52 -46.16 -73.05
68.88 162.52 -46.16 -73.05
68.88 162.52 -46.16 -73.05
68.88 162.52 -46.16 -73.05
68.88 162.52 -46.16 -73.05
68.88 162.52 -46.16 -73.05
68.88 162.52 -46.08 -73.08
68.63 162.52 -46.03 -73.11
68.63 162.11 -46.11 -72.91
68.37 162.16 -46.04 -72.91
68.31 162.31 -46.04 -72.49
68.18 162.12 -45.98 -72.49
67.72 161.78 -46.31 -72.54
67.38 161.62 -46.6 -72.68
67.31 161.62 -46.97 -72.63
67.31 161.4 -46.97 -72.63
67.31 161.4 -46.97 -72.6
67.31 161.3 -46.97 -72.6
67.31 161.3 -46.97 -72.6
67.31 161.3 -46.97 -72.6
67.31 161.3 -46.97 -72.6
67.31 161.3 -46.97 -72.6
67.31 161.3 -46.97 -72.6
67.38 161.3 -46.8 -72.6
67.47 161.27 -41.38 -72.64
67.31 161.19 -36.9 -72.73
67.42 161.1 -36.9 -72.77
67.57 161.36 -33.25 -72.89
67.57 161.6 -34.05 -72.98
68.02 162.15 -34.05 -72.88
68.03 161.95 -34.05 -72.93
68.18 161.88 -35.32 -73.13
68.18 161.68 -35.32 -73.13
68.35 161.68 -35.32 -73.13
68.35 161.59 -35.32 -73.13
68.35 161.59 -35.32 -73.13
68.35 161.59 -35.32 -73.13
68.35 161.59 -35.32 -73.13
68.35 161.59 -35.32 -73.13
68.35 161.59 -35.32 -73.13
68.35 161.59 -35.32 -73.13
68.52 161.59 -37.19 -73.21
68.59 161.63 -38.27 -73.49
