62.50 178.80 -149.03 -77.63
62.5 178.8 -149.03 -77.63
62.5 178.8 -149.03 -77.63
62.5 178.8 -149.03 -77.63
62.5 178.8 -149.03 -77.63
62.5 178.8 -149.03 -77.63
62.35 178.8 -149.29 -77.61
62.35 177.95 -149.56 -77.6
62.4 177.62 -149.67 -77.6
62.45 177.51 -149.74 -77.61
62.45 177.53 -149.78 -77.83
62.45 177.28 -148.79 -77.97
62.51 177.22 -147.79 -78.1
62.67 175.83 -147.35 -78.27
62.63 174.95 -147.26 -77.71
62.63 174.95 -147.26 -77.71
62.63 174.95 -147.26 -77.71
62.63 174.95 -147.12 -77.71
62.63 174.95 -147.12 -77.71
62.63 174.95 -147.12 -77.71
62.63 174.95 -147.12 -77.71
62.63 174.95 -147.12 -77.71
62.63 174.95 -147.12 -77.71
62.63 174.95 -147.12 -77.71
62.63 174.95 -147.12 -77.71
62.34 174.95 -147.16 -77.68
62.34 174.17 -147.16 -77.68
62.11 174.17 -147.38 -77.78
62.11 177.04 -147.95 -77.79
62.11 178.15 -148.25 -77.63
62.13 179.23 -148.44 -77.32
62.15 179.03 -148.65 -77.15
62.15 178.51 -148.65 -77.15
62.15 178.51 -148.65 -77.02
62.15 178.51 -148.65 -77.02
62.15 178.51 -148.65 -77.02
62.15 178.51 -148.65 -77.02
62.15 178.51 -148.65 -77.02
62.15 178.51 -148.65 -77.02
62.15 178.51 -148.65 -77.02
62.15 178.51 -148.65 -77.02
62.33 178.51 -148.06 -77.19
62.06 177.85 -147.85 -77.23
62.06 177.85 -147.32 -77.25
62.06 177.27 -147.1 -77.39
62.06 176.66 -146.61 -77.48
61.86 176.66 -146.47 -77.36
62.69 179.17 -146.4 -77.15
62.95 176.51 -146.23 -77.04
62.95 174.59 -146.23 -77.04
62.95 174.59 -146.23 -77.04
63.12 174.59 -146.2 -77.04
63.12 176.58 -146.2 -77.04
63.12 176.58 -146.2 -77.04
63.12 176.58 -146.2 -77.04
63.12 176.58 -146.2 -77.04
63.12 176.58 -146.2 -77.04
63.12 176.58 -146.2 -77.04
63.12 176.58 -146.47 -77.04
63.12 177.47 -146.99 -76.94
63.08 177.01 -147.17 -77.02
62.44 179.48 -147.57 -77.35
61.98 179.72 -147.98 -77.49
61.98 179.24 -148.68 -77.52
61.54 178.73 -149.01 -77.52
61.06 178.72 -149.27 -77.52
60.81 178.94 -149.23 -77.44
60.81 179.14 -149.23 -77.44
60.81 179.14 -149.57 -77.34
60.81 179.14 -149.57 -77.34
60.81 179.14 -149.57 -77.34
60.81 179.14 -149.57 -77.34
60.81 179.14 -149.57 -77.34
60.81 179.14 -149.57 -77.34
60.81 179.14 -149.57 -77.34
60.81 179.14 -149.57 -77.34
60.98 179.14 -150.17 -77.19
60.98 178.74 -150.72 -77.22
61.16 178.47 -150.97 -77.29
61.49 178.36 -150.97 -77.33
61.49 178.03 -151.07 -77.65
60.67 177.93 -151.07 -77.89
60.67 177.9 -151.07 -77.89
60.39 177.9 -150.9 -77.68
60.39 177.43 -150.9 -77.68
60.35 177.43 -150.82 -77.55
60.35 177.43 -150.82 -77.55
60.35 177.43 -150.82 -77.55
60.35 177.43 -150.82 -77.55
60.35 177.43 -150.82 -77.55
60.35 177.43 -150.82 -77.55
60.35 177.43 -150.82 -77.55
60.35 177.43 -150.82 -77.55
60.57 177.43 -150.81 -77.43
60.78 177.3 -150.31 -77.38
60.65 177.49 -149.23 -77.24
60.42 177.65 -149.23 -77.09
60.3 177.77 -148.43 -77.1
60.51 178.0 -148.64 -77.28
60.9 178.0 -148.78 -77.41
60.9 178.33 -148.89 -77.7
61.04 178.53 -149.34 -77.86
61.04 178.72 -149.34 -77.86
61.07 178.72 -149.34 -77.92
61.07 178.74 -149.34 -77.92
61.07 178.74 -149.34 -77.92
61.07 178.74 -149.34 -77.92
61.07 178.74 -149.34 -77.92
61.07 178.74 -149.34 -77.92
61.07 178.74 -149.34 -77.92
61.07 178.74 -149.34 -77.92
61.14 178.74 -149.85 -78.06
61.14 178.22 -149.85 -78.15
61.12 179.13 -150.35 -78.08
61.14 178.84 -150.12 -78.01
58.26 179.43 -149.94 -77.94
63.61 179.06 -149.75 -78.03
64.36 179.81 -149.56 -78.21
64.49 179.38 -149.56 -77.96
64.72 178.8 -149.2 -77.96
64.72 178.58 -149.2 -77.96
64.72 178.58 -149.2 -77.82
64.72 178.58 -149.2 -77.82
64.72 178.58 -149.2 -77.82
64.72 178.58 -149.2 -77.82
64.72 178.58 -149.2 -77.82
64.72 178.58 -149.2 -77.82
64.72 178.58 -149.2 -77.82
64.72 178.58 -149.2 -77.82
64.72 178.58 -148.92 -77.93
64.72 178.24 -148.86 -78.27
64.72 177.76 -148.51 -78.4
64.72 177.59 -148.22 -78.5
64.64 177.61 -148.01 -78.38
64.64 177.49 -148.01 -78.38
64.23 177.49 -147.77 -78.14
64.23 156.64 -147.75 -78.26
64.23 174.09 -147.75 -78.26
63.88 174.09 -147.77 -78.38
63.88 176.52 -147.77 -78.38
63.88 176.52 -147.77 -78.38
63.88 176.52 -147.77 -78.38
63.88 176.52 -147.77 -78.38
63.88 176.52 -147.77 -78.38
63.88 176.52 -147.77 -78.38
63.88 176.52 -147.77 -78.38
63.88 176.52 -148.21 -78.38
63.67 177.09 -148.48 -78.36
63.67 176.87 -148.48 -78.36
63.42 176.87 -148.89 -78.26
63.36 176.57 -148.62 -78.1
63.18 176.42 -148.48 -77.86
63.11 176.26 -148.31 -77.95
62.93 177.11 -148.0 -77.95
62.71 177.25 -148.23 -77.73
62.71 177.03 -148.23 -77.73
62.71 177.03 -148.23 -77.74
62.71 177.03 -148.23 -77.74
62.71 177.03 -148.23 -77.74
62.71 177.03 -148.23 -77.74
62.71 177.03 -148.23 -77.74
62.71 177.03 -148.23 -77.74
62.71 177.03 -148.23 -77.74
62.71 177.03 -148.23 -77.74
62.53 177.03 -148.68 -77.8
62.63 176.77 -148.82 -77.86
62.65 176.66 -149.2 -77.9
62.61 177.09 -149.2 -77.89
62.71 177.74 -149.32 -77.96
62.5 178.12 -149.45 -78.02
62.36 178.08 -149.71 -78.07
62.35 177.96 -150.0 -78.07
62.35 177.92 -150.0 -78.07
62.77 177.92 -150.0 -78.13
62.77 177.81 -150.0 -78.13
62.77 177.81 -150.0 -78.13
62.77 177.81 -150.0 -78.13
62.77 177.81 -150.0 -78.13
62.77 177.81 -150.0 -78.13
62.77 177.81 -150.0 -78.13
62.77 177.81 -150.0 -78.13
62.77 177.81 -150.1 -77.96
62.98 177.76 -150.27 -77.86
63.25 177.67 -150.44 -77.72
63.23 177.65 -151.07 -77.98
63.29 177.57 -151.3 -78.14
63.38 177.89 -151.76 -78.3
62.98 177.93 -151.23 -78.43
62.51 177.87 -150.84 -78.29
62.17 177.69 -150.84 -78.04
62.17 177.38 -150.84 -78.04
62.17 177.38 -150.5 -78.04
62.17 177.39 -150.5 -78.04
61.95 177.39 -150.5 -78.04
61.95 177.39 -150.5 -78.04
61.95 177.39 -150.5 -78.04
61.95 177.39 -150.5 -78.04
61.95 177.39 -150.5 -78.04
61.95 177.39 -150.5 -78.04
61.85 177.39 -150.27 -78.27
