44.96 -160.61 -138.81 -73.68
44.96 -160.4 -138.81 -73.68
44.96 -160.4 -138.8 -73.53
45.8 -153.4 -139.58 -72.82
46.34 -153.4 -140.26 -72.82
46.34 -136.02 -140.26 -72.82
46.61 -136.02 -141.05 -74.59
46.61 -124.84 -141.67 -74.78
46.61 -123.56 -142.01 -75.19
46.72 -126.29 -142.15 -75.21
46.81 -129.06 -142.31 -75.11
46.81 -134.21 -142.31 -75.11
46.93 -134.21 -142.26 -75.29
46.93 -146.85 -142.19 -75.48
46.93 -150.86 -142.19 -75.48
46.66 -150.86 -142.76 -75.27
46.55 -154.18 -143.15 -74.7
46.37 -154.18 -143.15 -74.48
46.37 -157.5 -143.92 -74.48
46.44 -158.34 -143.5 -75.41
46.44 -158.87 -143.5 -75.41
46.91 -158.87 -143.25 -74.14
47.19 -158.93 -143.25 -77.76
47.19 -158.32 -143.25 -77.76
47.5 -158.32 -142.34 -79.69
47.62 -158.63 -143.15 -78.05
47.62 -141.08 -143.65 -77.14
47.65 -134.79 -144.01 -76.32
47.65 -138.87 -144.01 -76.32
47.75 -138.87 -144.5 -76.06
47.75 -143.85 -144.59 -75.95
47.75 -143.6 -145.03 -75.98
47.64 -143.6 -145.05 -75.81
47.58 -143.6 -145.05 -75.39
47.5 -143.77 -145.34 -75.2
47.78 -143.12 -146.69 -75.02
48.68 -143.12 -155.54 -74.93
48.68 -143.12 -155.54 -74.93
49.41 -143.12 -133.94 -74.8
49.41 -140.34 -133.74 -74.56
49.41 -137.28 -133.63 -74.48
49.32 -135.63 -136.36 -74.43
49.06 -135.63 -136.97 -74.26
48.89 -134.47 -137.4 -73.3
48.89 -133.36 -137.4 -73.3
48.97 -133.36 -138.36 -75.95
48.97 -133.53 -138.36 -75.95
49.08 -133.53 -137.55 -76.17
49.18 -134.5 -136.89 -75.4
49.18 -134.87 -137.34 -74.8
49.18 -137.6 -137.34 -74.8
48.51 -137.6 -138.55 -74.72
47.69 -137.6 -138.37 -74.74
46.86 -140.5 -137.96 -74.53
46.22 -140.5 -137.85 -74.34
45.87 -140.5 -137.85 -74.43
45.99 -140.5 -139.01 -74.43
46.22 -147.43 -139.44 -74.38
46.22 -148.8 -139.44 -74.38
46.77 -148.8 -140.0 -74.31
46.77 -145.45 -139.98 -74.41
46.77 -141.23 -140.12 -74.54
47.14 -136.16 -141.2 -74.67
47.85 -132.23 -141.63 -74.92
48.36 -137.22 -142.11 -74.92
48.58 -144.36 -142.6 -74.96
48.58 -149.88 -142.6 -74.96
48.69 -149.88 -142.74 -75.11
49.44 -152.36 -142.95 -75.18
49.74 -153.68 -143.04 -75.53
50.32 -153.72 -143.04 -82.14
50.32 -153.92 -143.04 -82.14
50.34 -153.92 -143.0 -72.33
50.34 -154.21 -143.0 -72.35
50.34 -154.7 -143.0 -72.35
49.32 -154.7 -143.06 -73.29
49.32 -155.27 -143.06 -73.29
49.19 -155.27 -143.05 -73.35
48.99 -155.27 -142.72 -72.47
48.91 -155.84 -142.65 -73.13
48.92 -155.84 -143.02 -73.52
48.92 -156.09 -143.02 -73.52
48.54 -156.09 -143.95 -76.58
48.54 -155.7 -144.51 -96.67
48.54 -142.57 -144.7 -101.14
48.22 -137.43 -144.02 -109.82
47.6 -137.43 -143.78 -89.78
47.6 -137.43 -143.36 -77.63
47.27 -138.4 -143.08 -76.42
47.27 -138.98 -143.08 -76.42
46.74 -138.98 -143.18 -77.11
46.74 -140.73 -143.18 -77.11
45.88 -140.73 -142.14 -76.73
46.02 -139.28 -142.14 -76.28
46.02 -137.13 -141.46 -75.78
46.08 -136.59 -141.16 -75.42
46.08 -136.59 -141.16 -75.42
46.29 -136.59 -141.0 -74.63
46.29 -123.84 -141.0 -74.63
45.91 -123.84 -140.64 -73.52
45.72 -123.84 -140.56 -72.99
45.55 -122.55 -140.8 -72.99
45.6 -121.47 -140.87 -72.65
45.6 -123.05 -140.62 -71.72
45.72 -123.2 -140.38 -71.78
45.76 -123.2 -139.88 -71.78
45.76 -123.8 -139.88 -71.78
45.72 -123.8 -138.9 -72.48
45.72 -124.59 -138.55 -72.42
45.72 -126.28 -138.3 -72.36
45.51 -129.43 -138.23 -72.55
45.36 -130.39 -138.11 -72.56
45.2 -131.58 -138.01 -72.66
45.18 -133.53 -139.42 -72.7
45.18 -133.53 -139.81 -71.27
45.18 -136.38 -139.81 -71.27
45.12 -136.38 -139.58 -69.76
45.12 -136.38 -139.62 -69.26
45.12 -137.12 -139.62 -69.26
45.02 -137.12 -140.05 -68.34
45.02 -139.48 -140.05 -68.34
44.91 -139.48 -140.8 -65.3
44.91 -139.54 -141.1 -65.14
45.08 -139.6 -141.67 -65.51
45.38 -139.79 -142.2 -74.21
45.69 -139.79 -142.39 -74.43
45.96 -139.93 -142.34 -74.26
46.46 -139.93 -142.19 -74.26
46.6 -139.94 -142.19 -74.26
46.6 -139.87 -141.93 -76.16
46.6 -139.8 -142.35 -78.32
46.64 -139.85 -142.83 -73.17
46.64 -139.95 -143.65 -72.88
46.64 -140.17 -143.65 -72.88
46.68 -140.17 -144.78 -72.57
46.68 -140.0 -144.78 -72.57
46.92 -140.0 -145.59 -72.29
46.92 -140.0 -145.66 -72.29
46.92 -143.62 -145.66 -72.29
46.92 -143.62 -145.76 -72.7
46.92 -148.71 -145.84 -73.28
46.71 -153.99 -145.49 -73.57
46.71 -153.99 -145.49 -73.57
46.65 -153.99 -144.25 -73.64
46.65 -153.85 -144.25 -73.64
45.71 -153.85 -143.68 -73.6
45.25 -153.85 -143.55 -73.48
44.74 -153.36 -143.55 -73.52
44.74 -153.08 -143.31 -73.64
44.74 -153.24 -143.31 -73.64
44.15 -153.24 -142.4 -73.71
44.15 -151.57 -142.0 -73.71
44.1 -160.34 -141.78 -73.63
44.1 -160.34 -141.65 -73.56
44.1 -160.34 -141.14 -73.47
44.06 -160.34 -140.88 -73.39
44.06 -160.34 -140.59 -73.6
44.01 -163.34 -140.59 -73.7
43.95 -165.03 -140.59 -73.91
44.41 -166.9 -140.57 -74.03
44.41 -166.9 -140.45 -74.26
44.41 -166.9 -140.25 -74.37
44.41 -169.18 -140.25 -74.37
45.02 -169.18 -140.32 -74.46
45.02 -171.87 -140.41 -74.55
45.02 -171.87 -140.51 -74.38
45.29 -172.69 -140.56 -74.38
45.82 -173.79 -141.05 -74.34
45.82 -173.79 -141.4 -74.25
46.19 -173.79 -141.4 -74.17
46.19 -173.72 -141.4 -74.17
47.0 -173.72 -141.68 -74.17
47.0 -173.46 -141.68 -74.17
47.0 -173.46 -141.68 -73.92
47.0 -172.82 -142.12 -73.7
47.32 -172.39 -142.35 -73.44
47.32 -171.9 -142.35 -73.44
47.41 -171.9 -142.21 -73.16
47.41 -172.45 -142.06 -72.97
47.41 -172.67 -142.0 -72.74
47.58 -172.74 -141.86 -72.28
47.58 -172.7 -141.86 -72.28
47.58 -172.7 -142.54 -72.1
47.45 -172.66 -142.77 -72.1
47.45 -172.66 -142.77 -72.1
47.45 -172.66 -143.02 -72.04
47.45 -172.66 -143.22 -72.76
47.45 -172.37 -143.02 -72.76
47.45 -172.94 -143.02 -72.76
47.38 -172.94 -143.02 -75.63
47.38 -172.94 -142.7 -82.04
47.38 -172.84 -142.7 -82.04
47.38 -172.84 -142.7 -82.04
47.38 -172.84 -142.7 -78.36
47.38 -172.84 -142.61 -73.6
47.38 -172.91 -142.61 -73.6
47.38 -172.91 -142.29 -72.88
47.35 -172.91 -142.29 -72.88
47.21 -172.91 -142.29 -72.57
47.09 -172.91 -142.29 -72.57
