-40.87 79.56 119.01 -160.82
-40.89 79.63 119.26 -161.31
-40.89 79.61 119.26 -161.31
-40.87 79.61 118.77 -161.88
-40.87 79.64 118.77 -162.43
-40.94 79.69 118.56 -162.88
-40.96 79.87 118.38 -162.88
-40.96 79.89 118.38 -162.88
-40.95 79.89 117.96 -163.11
-41.03 79.89 117.86 -163.28
-41.03 79.96 118.04 -163.47
-41.03 78.82 118.04 -163.47
-41.09 78.82 118.62 -163.5
-41.09 79.8 118.62 -163.5
-41.19 79.8 118.91 -163.73
-40.94 79.8 118.91 -163.87
-40.71 79.87 119.7 -163.44
-40.71 77.93 119.97 -162.79
-40.58 75.24 119.97 -162.25
-40.58 73.96 119.97 -162.25
-40.55 73.96 119.96 -161.86
-40.55 73.11 119.96 -161.86
-40.56 73.11 119.87 -161.2
-40.56 73.23 119.87 -161.2
-40.49 73.23 119.56 -160.84
-40.4 73.23 119.3 -160.14
-40.4 73.2 119.3 -160.14
-40.35 73.2 119.3 -159.76
-40.24 73.48 119.33 -159.01
-40.35 73.81 119.34 -158.05
-40.59 73.81 119.34 -157.66
-40.68 73.89 119.53 -157.66
-40.81 74.17 119.56 -157.59
-40.81 74.17 119.56 -157.59
-40.89 74.17 119.37 -158.42
-40.89 74.42 119.37 -158.42
-40.89 74.42 119.35 -159.18
-40.99 74.71 119.06 -158.11
-40.99 75.09 119.08 -157.45
-40.99 75.09 119.32 -157.21
-40.99 75.23 119.57 -157.38
-41.1 75.23 119.57 -157.55
-41.1 75.23 119.57 -157.55
-41.22 75.23 119.27 -156.94
-41.22 75.69 119.15 -156.71
-41.26 76.0 119.1 -156.71
-41.26 76.21 119.1 -156.71
-41.26 76.21 118.7 -156.19
-41.25 76.58 118.88 -156.8
-41.24 76.8 118.98 -157.19
-41.24 76.86 118.82 -157.82
-41.09 76.92 118.63 -158.67
-44.6 76.92 118.04 -159.46
-42.58 76.92 117.72 -159.71
-41.92 76.92 117.57 -159.52
-41.91 76.93 117.49 -159.06
-41.96 76.85 117.22 -158.95
-42.04 76.9 116.78 -158.57
-42.04 76.9 116.56 -158.28
-41.94 76.57 116.71 -159.05
-41.95 76.43 117.04 -160.14
-41.91 76.35 117.22 -161.22
-41.96 76.01 117.57 -162.19
-42.14 75.81 117.83 -162.99
-42.14 75.81 117.83 -162.99
-42.28 75.81 117.83 -163.6
-42.28 75.08 117.83 -163.6
-42.49 75.08 117.58 -164.21
-42.5 75.08 117.45 -164.04
-42.5 76.96 117.33 -163.92
-42.5 77.94 117.33 -163.92
-42.27 77.94 117.21 -163.34
-42.13 77.94 117.13 -163.2
-42.11 79.6 117.13 -162.94
-42.11 72.05 117.13 -162.94
-42.06 72.05 117.12 -164.97
-42.06 57.07 117.07 -164.85
-42.04 68.45 117.13 -164.14
-42.06 71.09 117.08 -163.4
-41.98 71.09 116.86 -163.13
-41.98 73.54 116.86 -163.13
-42.25 73.54 116.68 -163.03
-42.25 72.69 116.68 -163.03
-42.33 72.69 116.58 -162.72
-42.45 72.53 116.5 -162.63
-42.24 72.18 116.7 -162.63
-42.24 71.66 116.7 -162.49
-41.96 70.65 116.9 -163.26
-41.83 70.65 117.01 -163.74
-41.83 70.65 116.92 -163.74
-41.83 70.24 116.92 -163.74
-41.51 70.24 116.88 -164.38
-41.41 68.93 116.87 -164.53
-41.38 68.28 116.81 -164.71
-41.38 67.75 116.81 -164.71
-41.16 67.75 117.02 -164.63
-41.16 68.42 117.02 -164.63
-40.82 68.42 117.58 -164.57
-40.82 69.62 117.58 -163.94
-41.15 70.04 117.33 -163.43
-41.15 70.04 117.33 -163.43
-41.55 70.04 117.1 -162.82
-41.55 70.04 117.1 -162.82
-41.66 70.04 116.92 -162.12
-41.74 70.04 116.97 -162.12
-41.87 70.11 116.83 -163.02
-41.87 70.24 116.83 -163.02
-41.96 70.24 116.81 -163.22
-42.04 71.37 116.8 -163.22
-42.13 72.01 116.96 -163.02
-41.3 72.01 117.4 -163.02
-40.84 72.01 117.4 -163.15
-40.84 70.2 117.4 -163.15
-40.23 70.2 118.04 -163.56
-40.63 69.53 118.27 -163.79
-40.91 68.74 118.57 -164.45
-41.08 68.74 118.77 -164.92
-41.36 68.16 118.93 -165.38
-41.67 68.16 118.93 -165.79
-41.61 68.31 118.74 -166.08
-41.61 68.31 118.82 -164.79
-41.58 68.66 118.89 -163.38
-41.58 68.23 118.95 -161.14
-41.6 67.41 118.88 -160.23
-41.65 67.41 118.85 -159.91
-41.65 67.0 118.62 -159.54
-41.65 66.51 118.62 -159.54
-41.55 66.51 118.33 -160.7
-41.22 66.69 118.33 -161.38
-40.93 67.58 118.26 -162.19
-40.36 68.05 118.0 -163.12
-40.12 68.05 117.98 -163.55
-40.12 68.92 118.08 -163.5
-40.12 69.39 118.14 -163.41
-40.52 69.8 118.09 -163.82
-40.52 70.0 118.09 -163.82
-41.64 70.0 120.36 -164.29
-41.94 70.14 121.66 -165.09
-41.94 70.76 121.74 -165.6
-41.94 74.1 121.71 -166.71
-41.88 70.68 121.79 -166.3
-41.92 69.12 121.97 -165.33
-41.85 69.12 121.58 -164.78
-41.95 69.12 121.08 -164.32
-41.95 66.52 120.84 -164.54
-42.05 63.84 120.71 -164.57
-42.22 60.84 120.64 -164.76
-42.22 60.84 120.64 -164.76
-42.25 60.84 120.76 -160.98
-42.4 58.55 120.87 -160.7
-42.31 58.55 120.63 -161.16
-42.31 58.55 120.63 -161.16
-42.36 58.55 120.63 -162.04
-42.33 63.43 119.87 -165.05
-42.31 64.3 119.92 -166.24
-41.96 65.55 119.89 -167.66
-41.39 65.55 119.91 -167.51
-40.93 65.55 119.97 -166.99
-40.93 64.78 119.97 -166.99
-41.29 64.78 119.98 -166.64
-41.41 64.78 119.98 -166.27
-41.61 64.78 120.03 -166.47
-41.61 64.22 120.03 -166.47
-40.79 64.22 119.52 -166.62
-40.55 63.94 119.38 -166.66
-40.48 63.86 119.38 -166.91
-40.48 64.0 119.38 -166.91
-40.48 64.0 119.58 -167.22
-40.48 64.59 119.69 -167.84
-40.51 64.59 119.8 -168.06
-40.51 64.87 119.8 -168.06
-40.49 64.87 119.84 -167.05
-40.52 64.87 119.84 -166.56
-41.38 65.36 119.88 -166.28
-41.65 65.36 119.77 -166.04
-41.89 65.46 119.56 -166.2
-41.89 65.57 119.56 -166.2
-42.18 65.57 119.35 -166.46
-42.18 65.78 120.3 -166.46
-42.18 66.36 120.3 -166.46
-41.92 66.36 120.72 -166.63
-41.76 66.36 121.63 -166.35
-41.76 66.98 121.63 -166.35
-41.34 66.98 121.67 -165.67
-41.34 66.98 121.67 -165.2
-41.15 69.53 121.81 -165.25
-41.34 70.02 121.7 -165.23
-41.55 70.45 121.49 -165.21
-41.83 70.6 121.31 -165.15
-42.0 70.85 121.09 -164.47
-42.0 70.85 120.86 -162.85
-42.24 70.96 120.68 -162.4
-42.24 70.89 120.68 -162.4
-42.61 70.89 119.64 -162.35
-42.61 71.28 119.64 -162.35
-42.81 71.28 119.6 -162.3
-42.99 67.84 119.29 -162.33
-42.85 67.53 119.47 -157.81
-42.85 68.38 119.47 -150.2
-42.86 62.64 119.85 -146.38
