-59.69 86.09 -42.83 -139.12
-59.69 85.87 -42.83 -139.12
-59.53 85.87 -42.69 -139.74
-59.63 85.26 -42.88 -139.74
-59.7 85.17 -42.86 -140.07
-59.7 85.07 -42.86 -140.07
-59.79 85.07 -43.05 -140.42
-59.67 84.92 -43.92 -140.27
-59.67 84.92 -43.92 -140.27
-59.62 84.92 -43.92 -139.92
-59.62 84.75 -43.92 -139.92
-59.52 84.75 -44.1 -139.43
-59.52 84.77 -44.42 -138.92
-59.52 84.78 -44.28 -138.03
-59.52 84.78 -44.28 -138.03
-59.46 84.78 -44.19 -138.16
-59.46 84.73 -43.88 -138.45
-59.46 84.96 -43.88 -138.45
-59.46 84.96 -43.8 -138.94
-58.78 85.32 -45.47 -139.1
-58.53 85.38 -44.52 -139.33
-58.53 85.32 -44.14 -139.33
-58.53 85.28 -44.52 -139.67
-58.53 85.3 -44.55 -139.96
-58.53 85.24 -44.71 -140.29
-58.29 85.37 -44.71 -140.69
-58.06 85.4 -44.22 -140.95
-58.06 85.4 -44.22 -141.28
-58.06 85.35 -44.22 -141.28
-57.88 85.35 -43.95 -141.28
-57.75 85.35 -43.26 -141.71
-57.75 85.58 -43.26 -141.71
-56.59 85.58 -43.13 -142.1
-55.91 85.67 -43.46 -142.1
-53.98 85.81 -43.46 -141.92
-53.98 85.75 -43.46 -141.92
-55.59 85.75 -43.55 -141.52
-55.61 86.48 -45.89 -141.48
-55.61 86.48 -44.95 -141.1
-55.62 83.27 -41.1 -141.1
-55.68 84.57 -42.02 -141.1
-55.74 85.17 -43.1 -141.08
-55.64 85.29 -43.32 -141.09
-55.58 85.57 -43.9 -141.13
-55.57 85.57 -43.9 -141.49
-55.57 85.62 -43.9 -141.49
-55.57 85.62 -43.96 -141.73
-55.85 85.34 -44.03 -141.94
-55.85 85.16 -44.13 -142.17
-56.4 84.65 -44.1 -142.13
-56.4 84.65 -44.1 -142.13
-56.9 84.65 -44.37 -141.91
-56.81 84.14 -44.37 -141.4
-56.75 83.58 -44.34 -140.96
-56.58 83.39 -44.13 -140.61
-56.58 83.32 -43.85 -140.17
-56.58 83.34 -43.93 -139.69
-56.52 83.34 -44.02 -140.39
-56.52 83.34 -44.31 -140.98
-56.52 83.53 -44.33 -141.32
-56.52 83.7 -44.33 -141.32
-56.53 83.7 -44.54 -141.27
-56.49 83.56 -42.14 -141.28
-56.43 83.65 -42.14 -141.22
-56.43 83.7 -43.51 -141.57
-56.65 83.57 -43.57 -141.84
-56.65 83.78 -42.95 -142.0
-56.96 83.78 -43.07 -142.16
-57.24 84.13 -42.82 -142.18
-57.24 84.42 -42.74 -142.16
-57.3 84.67 -42.94 -142.02
-57.3 85.02 -43.19 -142.25
-57.2 84.7 -43.37 -142.33
-57.25 84.51 -43.58 -142.38
-57.25 84.26 -43.58 -142.38
-57.16 84.26 -43.86 -142.49
-57.3 84.16 -43.97 -142.49
-57.3 83.9 -44.87 -141.94
-57.42 84.05 -46.71 -141.59
-57.42 84.15 -45.22 -141.02
-57.5 84.38 -44.75 -141.03
-57.58 84.38 -45.39 -140.9
-57.58 84.59 -45.39 -140.9
-57.64 84.59 -45.95 -140.92
-57.71 84.59 -46.12 -140.5
-57.71 85.09 -46.12 -140.5
-57.78 85.09 -45.64 -140.62
-57.78 85.33 -45.67 -140.74
-57.99 85.36 -45.67 -140.81
-57.99 85.41 -45.67 -140.81
-58.45 85.41 -45.85 -141.06
-58.6 85.52 -45.85 -140.97
-58.74 91.03 -45.61 -140.93
-58.68 88.67 -45.25 -141.31
-58.8 88.43 -44.9 -141.45
-59.12 87.76 -44.76 -141.45
-59.19 87.9 -44.72 -141.45
-59.17 87.87 -44.61 -141.59
-59.17 87.69 -44.61 -141.59
-59.18 87.69 -44.09 -142.1
-59.21 86.74 -43.49 -142.1
-59.21 86.19 -43.49 -142.1
-59.76 86.19 -43.65 -141.59
-59.73 86.21 -43.66 -141.29
-59.73 86.21 -43.7 -141.5
-59.59 85.89 -42.39 -141.77
-59.42 85.89 -42.12 -142.07
-59.42 85.79 -42.93 -142.58
-59.42 85.61 -42.93 -142.58
-59.32 85.61 -43.12 -142.92
-59.19 85.32 -42.28 -143.98
-59.19 86.37 -43.27 -144.03
-59.01 87.07 -43.16 -144.1
-59.01 87.4 -42.23 -143.98
-55.74 87.31 -42.55 -143.5
-54.77 87.21 -42.75 -143.06
-54.77 86.78 -43.13 -142.85
-54.77 86.51 -43.56 -142.66
-54.77 86.57 -43.56 -142.66
-54.77 86.57 -43.78 -142.39
-54.77 86.89 -43.63 -142.23
-55.18 86.95 -43.63 -141.81
-56.8 86.95 -43.49 -141.39
-56.97 85.84 -43.44 -141.39
-56.82 88.32 -43.21 -141.11
-56.82 89.23 -43.78 -141.34
-56.82 96.7 -43.78 -141.34
-56.64 96.7 -43.3 -142.11
-56.52 98.48 -42.73 -142.65
-57.38 98.16 -42.94 -142.65
-57.38 98.12 -43.09 -142.9
-57.66 97.1 -42.56 -142.82
-58.12 97.1 -43.03 -142.95
-58.12 97.07 -43.03 -142.95
-58.44 97.07 -44.88 -143.02
-57.74 97.64 -45.13 -142.93
-57.74 97.71 -44.95 -142.5
-57.15 95.37 -44.71 -142.29
-57.15 93.17 -44.58 -141.99
-57.15 92.33 -44.46 -141.99
-56.46 92.48 -44.46 -141.97
-56.25 92.58 -44.46 -142.0
-56.85 92.38 -44.53 -142.03
-57.25 92.04 -44.62 -141.86
-57.9 91.73 -44.65 -141.82
-58.05 91.73 -43.89 -141.75
-57.79 91.6 -43.88 -141.99
-57.6 92.15 -44.28 -142.19
-57.51 92.37 -44.7 -142.77
-57.36 92.84 -44.86 -142.68
-57.2 92.59 -44.18 -142.08
-57.05 92.28 -43.13 -141.35
-57.05 92.28 -43.13 -141.35
-56.76 92.28 -43.11 -141.87
-56.59 91.64 -43.11 -142.19
-56.59 91.57 -43.14 -141.88
-56.59 91.48 -43.14 -141.88
-57.13 91.48 -40.43 -141.49
-57.5 91.29 -40.92 -141.09
-57.63 91.28 -41.31 -141.62
-57.53 91.28 -38.02 -142.34
-57.55 91.12 -34.14 -143.19
-57.55 90.96 -38.04 -144.04
-57.59 90.79 -41.66 -144.36
-56.85 90.39 -42.76 -144.29
-56.64 90.39 -43.24 -144.25
-56.42 90.19 -43.55 -144.14
-56.25 89.88 -43.49 -143.78
-56.24 89.88 -43.39 -143.13
-56.38 89.88 -43.39 -142.51
-56.45 89.88 -43.47 -142.6
-56.51 89.61 -43.54 -142.86
-56.51 89.36 -43.86 -142.86
-56.51 88.26 -43.86 -142.86
-56.18 88.26 -44.03 -142.66
-56.18 87.31 -44.03 -142.66
-57.13 87.31 -44.6 -142.39
-56.88 86.88 -45.01 -142.74
-56.9 86.88 -45.01 -143.03
-56.9 86.66 -44.26 -143.34
-57.08 86.09 -44.55 -143.15
-57.15 85.89 -43.19 -142.39
-57.42 85.87 -43.15 -141.67
-57.42 85.87 -43.58 -141.8
-57.52 85.74 -43.81 -141.66
-57.52 85.88 -44.09 -141.64
-57.5 85.96 -44.09 -141.49
-57.56 86.35 -44.6 -141.37
-57.56 86.35 -44.61 -140.97
-57.56 86.48 -44.41 -140.9
-57.47 86.53 -44.23 -140.77
-56.97 86.53 -44.23 -140.67
-56.77 86.58 -44.17 -140.58
-56.33 86.59 -44.04 -140.8
-56.43 86.55 -43.92 -141.17
-56.58 86.4 -43.92 -141.51
-56.58 86.38 -43.92 -141.51
-56.71 86.38 -43.42 -141.02
-56.88 86.95 -43.57 -140.51
-56.88 87.14 -43.57 -140.51
