-148.24 -30.80 51.34 153.40
-148.24 -30.8 51.8 153.31
-148.24 -30.8 51.05 153.29
-148.24 -30.69 48.93 153.25
-148.24 -30.92 48.59 153.29
-148.02 -30.76 48.59 153.38
-148.24 -30.82 49.24 153.38
-148.38 -30.74 49.44 153.62
-148.71 -30.72 49.44 153.9
-148.48 -30.36 50.67 153.97
-148.24 -30.36 51.43 154.4
-148.24 -30.36 51.43 154.4
-148.07 -30.36 51.92 154.49
-147.21 -30.11 52.68 154.88
-146.8 -29.68 52.75 154.88
-146.5 -29.5 52.75 155.13
-146.5 -28.65 52.75 155.13
-145.82 -28.65 52.43 155.53
-145.82 -28.65 52.43 155.53
-146.13 -28.65 51.72 155.8
-146.13 -28.38 51.72 155.8
-146.13 -28.38 51.49 156.07
-146.25 -27.37 51.01 156.16
-146.82 -28.57 50.59 156.09
-146.87 -29.02 50.25 156.21
-146.87 -29.02 50.25 156.21
-146.86 -29.02 50.15 156.12
-146.96 -29.02 50.19 156.16
-146.9 -30.19 50.77 156.12
-146.9 -30.19 50.77 156.12
-146.7 -30.19 51.45 155.91
-146.54 -30.19 51.62 155.91
-146.38 -30.19 51.76 155.78
-146.4 -30.19 52.19 155.69
-146.4 -30.54 52.65 155.34
-146.4 -31.17 52.65 155.34
-146.42 -31.17 53.72 155.04
-146.42 -31.16 53.99 154.83
-146.47 -30.87 54.22 154.83
-146.47 -30.41 54.28 154.89
-146.54 -29.19 54.28 154.91
-146.65 -28.45 54.28 154.94
-146.8 -28.4 54.6 155.16
-146.56 -28.4 54.45 155.3
-146.56 -28.84 54.05 155.63
-146.56 -29.47 53.83 154.99
-146.56 -29.07 53.83 154.99
-146.29 -29.07 53.83 153.94
-146.29 -28.78 53.1 153.44
-146.21 -28.66 52.58 153.44
-146.21 -28.98 52.58 153.44
-146.03 -28.98 52.65 154.49
-145.69 -29.46 53.06 154.7
-145.42 -29.16 53.28 154.25
-145.42 -28.99 53.28 154.25
-145.24 -28.99 53.44 153.35
-145.83 -28.79 53.34 152.8
-145.93 -28.55 52.73 152.76
-145.93 -28.55 52.73 152.76
-145.98 -28.55 51.93 153.44
-145.59 -30.51 50.94 153.53
-145.25 -30.22 50.68 153.94
-144.9 -31.7 50.1 154.41
-144.17 -32.08 50.07 154.71
-143.97 -32.08 49.98 155.15
-143.72 -31.98 49.6 155.21
-143.72 -31.82 50.52 155.2
-143.58 -31.96 51.51 155.2
-143.58 -32.14 51.28 155.33
-143.58 -32.2 51.07 155.33
-143.33 -31.52 50.98 154.85
-143.33 -30.85 50.98 154.85
-143.34 -30.85 51.01 154.5
-143.59 -28.75 51.58 154.23
-143.59 -28.51 51.14 154.05
-143.77 -28.45 50.37 153.88
-144.0 -28.45 50.64 154.02
-144.0 -28.45 50.64 154.02
-144.05 -28.45 51.19 154.28
-144.05 -28.21 51.28 154.28
-144.07 -27.78 51.27 154.38
-144.07 -27.69 51.27 154.38
-144.07 -27.69 51.72 154.42
-144.07 -27.37 51.72 154.42
-144.17 -27.37 51.49 154.33
-144.67 -28.19 51.49 154.49
-145.11 -28.19 50.98 153.93
-145.11 -28.19 50.98 153.93
-146.07 -28.19 51.16 152.44
-146.56 -28.19 51.65 150.98
-146.56 -29.22 51.65 150.98
-146.59 -29.22 52.06 152.66
-146.59 -29.86 52.06 152.66
-146.59 -29.86 52.35 153.87
-146.59 -30.11 52.35 153.87
-146.48 -30.11 52.3 154.28
-146.48 -28.87 52.3 154.28
-146.09 -28.87 52.12 154.63
-145.96 -28.69 52.12 154.64
-145.96 -28.9 52.12 154.64
-145.39 -28.9 52.12 154.64
-145.02 -29.3 51.91 154.23
-144.52 -29.92 51.68 154.05
-144.36 -29.98 51.22 154.05
-144.12 -30.09 51.05 153.93
-143.96 -30.09 50.35 153.76
-143.79 -30.09 49.59 153.82
-144.44 -29.94 49.23 153.89
-144.74 -29.94 49.2 153.97
-145.06 -29.68 49.04 154.06
-144.39 -29.4 48.95 154.06
-144.23 -29.34 48.66 154.19
-144.23 -29.29 48.66 154.19
-145.12 -29.29 47.93 154.64
-145.12 -29.42 54.74 155.16
-145.33 -29.57 57.06 154.86
-145.52 -29.57 57.06 154.62
-145.52 -29.9 57.06 154.62
-145.52 -29.9 57.06 154.83
-145.52 -29.72 58.6 154.83
-145.56 -29.42 58.97 155.07
-145.53 -29.42 57.56 155.07
-145.35 -29.52 57.56 155.12
-145.35 -29.73 56.6 155.14
-145.04 -30.0 56.07 154.95
-144.48 -30.0 56.07 154.82
-144.43 -29.92 55.36 154.69
-144.41 -29.77 54.59 154.52
-144.32 -29.77 53.75 154.59
-144.32 -29.61 53.75 154.59
-144.11 -29.61 52.93 154.7
-143.78 -29.46 53.32 154.7
-143.78 -29.46 53.32 154.7
-143.98 -29.46 53.54 154.92
-143.98 -28.5 53.62 154.61
-143.98 -27.95 53.62 154.61
-145.83 -27.95 53.32 154.33
-145.83 -27.81 53.32 154.33
-146.24 -27.81 52.59 154.09
-146.15 -27.91 52.37 153.68
-146.08 -28.06 52.37 153.75
-146.08 -28.04 52.14 153.75
-146.08 -27.94 51.59 153.68
-146.18 -27.83 50.97 153.68
-146.09 -27.83 50.97 153.68
-145.9 -27.63 50.97 153.68
-145.84 -27.3 50.56 152.45
-145.77 -27.3 50.37 151.45
-145.77 -27.21 49.99 150.91
-145.55 -26.9 50.18 151.06
-145.55 -27.41 50.18 151.06
-145.23 -27.41 50.36 151.2
-144.83 -28.07 50.83 151.65
-144.83 -28.85 50.5 151.88
-144.81 -29.08 49.67 152.04
-145.18 -29.08 49.27 152.15
-145.5 -29.08 48.76 151.87
-145.5 -29.08 48.76 151.87
-145.52 -29.08 48.56 151.65
-145.69 -29.22 48.58 151.65
-145.65 -29.35 48.58 152.06
-145.65 -29.29 48.75 152.37
-145.65 -28.8 48.75 152.37
-145.58 -28.8 49.41 152.69
-145.49 -28.3 50.02 153.55
-145.49 -28.08 49.92 153.67
-145.32 -28.45 50.05 153.97
-145.24 -28.67 50.07 154.14
-145.18 -28.88 50.7 154.27
-145.11 -28.88 51.25 154.2
-145.0 -28.88 51.27 154.02
-144.89 -29.09 51.27 153.86
-144.82 -29.22 50.62 154.01
-144.64 -29.22 50.42 154.27
-144.45 -29.39 50.06 154.48
-144.45 -29.06 49.4 154.6
-144.6 -28.3 49.15 154.84
-144.75 -27.64 48.75 154.67
-144.75 -27.78 48.49 154.28
-144.77 -28.01 48.82 154.27
-144.77 -28.01 48.82 154.27
-145.22 -28.01 49.52 154.14
-145.22 -28.2 50.35 154.2
-145.26 -28.3 50.35 154.28
-145.37 -28.53 50.69 154.28
-145.33 -28.18 50.98 154.24
-145.36 -28.15 50.6 154.24
-145.24 -28.15 49.98 154.36
-145.24 -28.15 50.05 154.66
-145.24 -27.89 50.17 155.14
-145.2 -28.19 50.32 155.33
-145.49 -28.44 50.32 155.66
-145.49 -28.59 50.32 155.66
-145.96 -28.59 50.73 156.06
-146.26 -28.84 50.9 156.06
-146.26 -30.33 51.03 156.25
-146.45 -31.88 51.07 156.41
-146.45 -32.51 51.04 156.46
-146.45 -32.84 51.05 155.9
-146.45 -33.04 51.05 155.9
