-52.69 27.61 118.14 -86.75
-52.68 25.01 118.2 -86.71
-52.56 19.8 118.09 -86.44
-52.56 22.88 118.23 -86.27
-52.56 46.49 118.48 -86.13
-52.9 32.66 118.63 -86.1
-52.9 12.36 118.93 -85.8
-52.98 10.34 118.68 -85.15
-52.88 10.1 118.59 -85.15
-52.67 14.02 118.4 -85.27
-52.71 15.34 118.53 -85.27
-53.14 19.03 118.56 -85.41
-53.04 20.14 118.79 -85.52
-53.04 20.43 118.79 -85.52
-52.57 20.43 118.71 -86.08
-52.33 20.64 118.23 -86.14
-52.05 20.64 118.21 -86.14
-52.05 21.08 118.21 -86.14
-52.47 21.08 118.21 -86.11
-52.62 21.44 117.94 -86.11
-52.57 28.33 117.69 -86.05
-52.52 29.75 117.21 -85.95
-52.55 28.79 117.01 -85.06
-52.76 27.81 117.22 -85.06
-52.76 26.82 119.07 -84.78
-52.86 24.89 123.27 -84.78
-53.23 27.88 123.27 -84.58
-52.8 29.32 123.27 -83.89
-52.71 28.79 124.14 -83.67
-52.6 27.97 124.36 -83.36
-53.12 26.81 124.36 -83.43
-53.62 27.37 123.8 -83.65
-53.62 27.37 123.07 -83.65
-53.88 28.43 122.52 -83.65
-53.78 30.37 122.52 -83.65
-53.78 30.04 122.52 -83.65
-53.53 30.04 121.95 -83.64
-53.66 29.78 121.72 -83.57
-54.07 28.87 121.6 -83.61
-54.44 28.87 121.11 -83.62
-55.03 28.87 120.88 -83.62
-55.38 26.74 120.1 -83.69
-55.19 24.88 119.31 -84.2
-55.47 26.15 118.99 -84.54
-55.62 27.72 119.43 -84.65
-55.47 28.93 119.94 -84.58
-54.57 29.55 120.19 -84.56
-54.01 29.37 119.88 -84.59
-53.6 28.71 119.42 -85.5
-53.54 28.45 119.42 -85.5
-54.07 27.94 119.32 -85.9
-54.88 27.94 119.35 -85.9
-54.88 27.59 119.35 -85.9
-54.78 27.59 119.22 -85.48
-54.78 27.37 119.08 -85.48
-54.62 27.34 119.08 -85.19
-54.5 26.42 118.99 -84.97
-54.5 25.79 119.02 -84.96
-54.25 25.96 118.82 -84.93
-53.7 26.02 118.69 -84.76
-53.57 26.02 118.48 -85.15
-53.46 26.36 118.48 -85.47
-53.32 27.05 118.2 -86.52
-53.32 27.78 118.2 -86.52
-52.87 27.78 118.72 -86.45
-52.87 30.5 118.72 -86.45
-52.45 30.5 119.66 -86.15
-52.11 29.18 120.05 -86.07
-51.68 28.46 120.05 -86.14
-51.29 25.27 120.12 -86.02
-51.47 24.09 120.14 -85.84
-51.84 23.99 120.24 -85.78
-51.52 25.8 120.24 -85.61
-51.06 26.22 121.91 -85.44
-51.16 26.22 117.46 -85.05
-51.41 26.34 115.11 -85.24
-51.68 26.47 115.42 -85.24
-52.32 26.62 115.42 -86.03
-52.78 26.62 116.55 -86.1
-53.73 26.53 116.55 -85.88
-53.73 26.37 117.62 -85.48
-53.73 26.3 118.94 -85.48
-53.73 26.16 119.3 -85.51
-53.49 26.14 119.7 -85.66
-53.49 26.27 119.7 -85.66
-53.26 26.27 119.98 -85.67
-53.26 27.0 119.76 -85.72
-52.99 27.24 119.65 -85.66
-52.99 27.81 119.76 -85.85
-53.05 27.48 119.65 -85.59
-52.99 27.48 119.73 -85.6
-52.99 27.33 119.73 -85.6
-52.99 27.33 119.52 -84.83
-53.03 25.72 119.75 -84.35
-53.31 24.24 115.13 -84.35
-53.45 24.19 115.13 -84.35
-53.8 11.47 114.38 -83.99
-53.9 19.54 115.63 -83.83
-54.1 23.93 116.66 -83.44
-54.35 24.25 118.57 -83.24
-53.83 25.23 118.41 -83.24
-53.52 26.21 118.41 -82.89
-52.6 26.54 118.23 -83.11
-55.89 26.54 118.1 -83.6
-55.89 26.54 118.1 -83.6
-54.59 26.54 118.92 -84.2
-54.95 27.54 119.13 -84.34
-54.69 28.32 119.13 -84.41
-54.69 30.09 119.13 -84.41
-53.62 30.09 119.26 -84.39
-53.62 31.01 119.26 -84.39
-53.79 31.01 119.15 -84.25
-53.78 32.12 118.81 -84.01
-53.78 32.46 118.81 -84.01
-53.84 32.46 118.49 -84.01
-53.56 32.69 118.48 -84.31
-53.56 32.34 118.48 -84.31
-54.28 32.34 118.66 -84.41
-54.28 31.38 119.12 -84.43
-54.5 31.23 119.43 -84.44
-55.06 31.03 119.46 -84.56
-55.41 30.8 119.6 -84.65
-55.54 30.81 119.92 -84.73
-55.66 30.67 120.17 -84.8
-55.69 30.75 120.33 -84.67
-55.59 30.79 120.33 -84.69
-55.6 30.22 120.54 -84.67
-55.5 29.97 120.05 -84.63
-55.27 29.73 119.65 -85.37
-55.35 29.73 119.76 -84.84
-55.07 29.58 119.85 -84.87
-54.32 29.45 119.85 -84.67
-54.27 30.08 119.86 -84.67
-53.9 30.75 120.08 -84.71
-53.79 30.75 120.13 -84.24
-53.83 30.25 120.25 -84.24
-54.17 29.61 120.32 -84.15
-54.43 29.03 121.08 -84.05
-54.67 28.34 119.58 -83.23
-54.91 28.09 119.55 -83.0
-54.83 27.82 118.76 -82.77
-54.63 27.28 118.42 -82.49
-54.76 27.28 118.41 -82.49
-54.64 26.52 118.32 -83.11
-54.66 26.03 118.71 -83.11
-54.66 26.06 118.71 -83.11
-54.54 26.06 120.26 -84.29
-54.37 25.82 120.65 -84.86
-54.04 25.99 120.03 -85.21
-53.3 26.39 119.92 -84.98
-52.59 26.87 119.86 -84.88
-52.79 27.15 119.8 -85.03
-52.87 26.47 119.67 -85.0
-52.87 25.26 119.56 -84.67
-52.92 23.57 119.92 -84.66
-51.09 23.57 119.99 -84.25
-50.65 23.57 120.09 -84.25
-49.42 22.66 119.82 -84.25
-49.42 22.66 119.03 -84.09
-48.72 22.65 118.78 -83.97
-48.58 22.67 118.61 -83.78
-48.61 22.8 118.33 -83.58
-48.64 23.23 118.46 -83.3
-48.64 23.56 118.88 -83.11
-50.45 23.93 118.94 -83.11
-50.83 24.19 119.45 -83.08
-51.09 24.05 119.79 -83.02
-50.93 23.48 119.57 -82.91
-50.71 22.84 119.37 -83.21
-50.48 22.02 119.05 -83.21
-50.76 22.96 119.08 -83.4
-50.96 24.25 119.34 -83.69
-51.36 25.09 119.72 -84.14
-51.67 25.09 120.1 -84.26
-51.98 24.84 120.25 -84.54
-52.61 24.49 115.75 -84.43
-53.0 25.54 119.48 -84.0
-53.12 26.82 120.31 -84.01
-52.91 27.25 120.11 -84.03
-54.31 27.36 120.04 -84.11
-54.85 27.83 120.54 -84.1
-55.47 27.56 120.95 -84.08
-55.88 26.5 120.11 -84.08
-55.91 25.37 119.7 -83.87
-56.13 24.92 119.7 -83.75
-56.03 24.88 119.2 -83.29
-56.16 25.17 119.65 -83.29
-55.61 25.54 119.72 -82.96
-55.42 25.87 119.62 -82.98
-55.65 26.53 119.72 -82.98
-56.24 27.54 120.31 -83.02
-56.56 27.77 119.55 -83.24
-56.39 28.29 119.37 -83.56
-56.25 28.54 119.07 -83.83
-56.06 28.26 118.45 -83.98
-56.19 27.88 118.42 -84.63
-56.66 27.18 118.57 -84.89
-56.62 26.92 118.82 -84.94
-56.5 27.78 118.87 -84.98
-54.36 27.78 119.01 -85.09
