-58.38 21.45 96.86 -90.33
-58.38 21.19 96.72 -91.24
-57.69 21.02 96.79 -91.93
-57.69 22.26 96.79 -91.93
-57.03 22.26 97.43 -88.37
-56.85 23.03 97.58 -89.93
-56.86 22.76 97.52 -91.67
-56.27 22.76 97.58 -91.23
-56.03 22.69 97.27 -90.61
-55.69 22.38 96.2 -90.61
-55.64 22.46 96.79 -90.61
-55.57 22.32 97.52 -93.07
-57.38 22.36 97.52 -93.39
-57.5 22.36 97.32 -93.79
-57.28 22.29 97.32 -95.62
-56.95 22.04 97.31 -95.65
-56.3 21.9 97.37 -94.56
-56.03 22.06 97.3 -94.28
-56.05 22.18 96.94 -95.46
-56.25 22.1 95.63 -95.4
-56.38 21.98 96.19 -94.4
-56.38 21.91 96.84 -94.02
-56.63 21.67 96.06 -96.09
-56.46 21.43 95.58 -96.09
-56.34 21.16 95.4 -98.52
-56.16 20.97 95.29 -100.34
-56.19 20.93 94.8 -101.92
-56.13 20.93 94.4 -107.59
-56.08 20.99 93.84 -117.94
-56.2 21.09 93.86 -133.25
-56.45 21.09 94.31 -133.33
-56.65 22.29 94.46 -103.58
-56.96 22.34 95.08 -96.2
-57.1 22.34 95.38 -95.87
-57.13 21.84 96.03 -98.33
-57.13 21.26 95.77 -97.07
-57.19 20.99 95.58 -96.49
-56.92 21.0 95.34 -95.92
-56.67 20.64 95.23 -100.91
-56.32 20.43 95.09 -103.37
-55.6 20.43 95.12 -104.88
-55.28 20.49 95.55 -109.91
-55.22 20.59 95.72 -119.78
-55.21 20.79 96.29 -132.62
-55.56 20.79 95.69 -132.62
-55.56 20.63 95.37 -148.95
-55.53 20.65 94.34 -152.07
-55.44 20.71 94.92 -151.12
-55.57 20.83 95.44 -149.24
-55.57 20.8 95.44 -149.24
-55.99 20.8 94.76 -148.06
-56.57 20.38 93.87 -148.18
-56.31 21.67 93.59 -148.18
-55.42 22.32 95.0 -147.96
-54.94 22.37 95.39 -146.75
-54.53 23.03 96.3 -145.08
-54.53 23.48 95.39 -144.61
-53.91 24.67 94.62 -127.23
-53.92 25.4 95.9 -132.67
-54.42 25.68 96.39 -135.75
-54.64 25.59 96.45 -122.6
-55.14 25.61 96.56 -112.44
-55.28 25.75 96.88 -94.31
-55.48 25.75 97.8 -93.41
-55.68 25.78 98.13 -93.13
-55.72 25.33 98.13 -94.06
-55.88 22.32 98.13 -95.7
-55.88 20.9 98.13 -95.7
-55.34 20.9 98.98 -96.86
-55.54 21.45 99.25 -97.08
-55.54 22.39 99.25 -97.08
-55.96 22.39 98.57 -100.87
-55.98 23.03 97.99 -101.75
-55.86 23.38 97.53 -101.9
-55.71 23.22 97.53 -101.96
-55.55 22.95 97.24 -102.06
-55.37 21.98 97.24 -106.57
-55.27 21.02 97.1 -108.06
-54.97 20.86 96.82 -108.21
-54.97 20.83 96.82 -108.21
-55.02 20.83 96.53 -110.31
-55.02 21.25 96.74 -110.67
-55.11 21.87 97.13 -114.54
-55.11 21.87 97.13 -114.54
-55.45 21.87 97.29 -109.2
-56.11 22.49 97.39 -109.2
-56.42 23.43 98.23 -109.2
-56.51 24.66 99.04 -107.91
-56.68 24.76 99.8 -108.27
-56.95 24.8 99.25 -111.58
-57.11 24.77 98.33 -114.92
-57.1 24.71 98.3 -115.66
-57.02 24.49 98.25 -110.29
-56.72 23.96 98.04 -110.64
-56.24 22.29 98.29 -110.64
-55.82 22.12 98.6 -111.04
-55.82 22.12 98.6 -111.04
-55.61 22.12 97.77 -111.67
-55.5 23.14 97.77 -110.17
-55.34 22.91 97.51 -107.59
-55.39 22.93 97.27 -103.82
-55.5 22.84 97.86 -102.53
-55.56 22.84 98.3 -102.07
-55.71 22.47 98.9 -102.14
-55.81 22.4 99.23 -102.5
-56.1 22.17 99.71 -103.03
-56.96 22.34 99.79 -108.16
-58.06 22.34 99.75 -123.45
-58.13 22.54 99.75 -124.98
-57.89 22.55 99.79 -125.42
-57.78 23.39 99.65 -123.05
-57.78 23.39 99.65 -123.05
-58.27 23.39 97.99 -109.6
-58.36 22.88 98.39 -103.79
-58.36 22.84 99.05 -103.79
-58.16 22.81 99.05 -97.76
-57.84 22.4 99.05 -98.55
-57.61 22.16 98.99 -99.74
-57.3 22.01 99.01 -100.52
-57.24 22.16 98.67 -100.52
-56.93 22.12 98.41 -100.41
-56.76 21.96 98.41 -100.38
-57.22 21.54 98.27 -100.23
-57.22 21.33 97.63 -100.32
-57.42 20.81 97.12 -100.26
-57.86 20.07 96.68 -99.98
-57.65 19.87 96.08 -100.42
-57.04 19.76 96.27 -100.86
-57.03 19.94 96.17 -101.24
-57.1 20.45 95.74 -101.47
-57.41 20.76 95.47 -101.66
-57.41 20.9 95.42 -102.02
-57.97 21.39 95.33 -102.19
-58.37 21.62 95.89 -102.34
-58.37 21.72 95.89 -102.34
-58.0 21.72 96.84 -100.9
-57.61 21.71 97.05 -101.22
-58.46 21.77 97.79 -101.29
-59.36 21.87 97.85 -101.56
-58.95 22.06 98.08 -101.45
-58.73 22.12 97.29 -101.66
-58.73 22.23 97.29 -101.66
-58.53 22.23 96.49 -97.81
-58.85 21.3 96.47 -89.96
-57.94 21.28 96.32 -91.24
-57.61 21.19 96.32 -93.0
-57.61 21.16 96.62 -92.04
-57.87 21.15 96.62 -93.4
-58.07 21.27 96.21 -93.69
-58.37 21.27 96.2 -94.32
-58.41 21.32 96.2 -94.06
-58.04 21.34 96.2 -93.99
-57.53 18.68 95.67 -93.8
-57.18 18.36 95.27 -93.45
-56.94 18.36 95.11 -93.37
-57.17 17.99 94.79 -93.66
-57.25 17.8 94.83 -93.73
-57.75 17.59 94.79 -93.73
-57.96 18.28 95.0 -93.89
-58.06 19.36 94.98 -94.3
-57.51 19.36 95.15 -95.25
-57.06 19.74 95.36 -95.66
-57.43 20.22 95.45 -97.87
-58.32 21.25 95.88 -99.99
-58.32 21.37 95.88 -99.99
-59.47 21.37 95.86 -102.11
-59.57 22.18 96.1 -103.42
-60.02 22.63 95.9 -103.42
-59.49 22.54 95.9 -103.57
-59.06 21.76 95.84 -103.57
-58.78 20.9 95.99 -103.89
-58.47 20.61 96.27 -103.89
-58.52 21.13 96.25 -103.89
-58.55 22.35 95.91 -104.11
-58.55 22.9 95.91 -104.11
-57.74 22.9 96.67 -108.08
-57.56 23.32 97.19 -100.66
-57.1 23.0 97.38 -102.71
-56.48 22.3 97.75 -106.75
-56.38 22.3 96.78 -105.85
-56.5 22.14 96.47 -105.45
-56.62 21.6 96.43 -105.0
-56.62 21.14 96.57 -105.76
-56.62 21.33 96.45 -106.75
-56.62 22.05 96.83 -108.73
-56.93 22.05 97.04 -114.52
-56.93 22.23 97.04 -114.52
-56.9 22.23 97.56 -111.54
-56.63 22.98 98.24 -109.2
-56.1 22.98 98.44 -107.42
-56.42 23.19 99.09 -105.92
-56.73 23.31 98.88 -103.97
-57.58 22.89 99.19 -103.0
-58.02 22.66 99.71 -103.64
-58.58 22.43 99.9 -103.64
-58.81 22.32 99.02 -103.41
-58.89 22.76 97.97 -103.01
-58.92 23.15 97.71 -102.78
-59.03 23.22 98.6 -102.93
-58.97 23.12 99.0 -103.4
