39.62 102.89 -120.14 -22.11
39.85 102.62 -120.03 -22.02
40.02 102.62 -119.55 -21.38
40.97 102.62 -119.55 -21.04
41.73 102.36 -119.39 -20.77
41.92 102.36 -118.87 -20.77
41.63 102.06 -118.53 -20.47
41.49 102.06 -117.91 -20.61
41.7 102.06 -117.9 -20.61
42.07 102.12 -118.78 -20.61
42.19 102.12 -118.78 -20.66
42.31 102.12 -118.78 -21.08
42.08 102.12 -118.87 -20.93
42.08 102.04 -118.69 -20.73
41.67 102.45 -118.49 -20.56
41.26 103.08 -118.42 -20.37
41.71 103.25 -118.26 -20.37
41.71 103.4 -118.26 -20.37
42.32 103.4 -118.09 -20.31
43.21 103.47 -117.92 -20.33
43.09 103.54 -117.91 -20.33
42.8 103.47 -117.9 -20.51
42.8 103.27 -117.61 -20.73
42.12 103.38 -117.58 -20.77
41.62 103.38 -117.89 -20.86
41.61 103.38 -117.98 -20.9
41.72 103.3 -117.95 -20.83
41.7 103.3 -117.73 -20.55
41.36 103.35 -117.55 -21.5
40.55 102.71 -117.47 -21.37
40.55 102.28 -117.47 -21.37
39.38 102.28 -117.43 -21.7
39.38 103.85 -117.29 -21.22
39.38 103.85 -117.29 -21.22
38.81 103.85 -117.41 -19.47
39.2 104.41 -117.19 -18.8
39.73 104.6 -117.04 -18.45
41.68 104.49 -117.34 -18.45
40.85 104.49 -117.34 -18.76
40.61 104.45 -117.34 -18.73
40.54 104.22 -117.24 -18.67
40.36 104.17 -115.72 -19.96
39.47 104.09 -118.3 -20.14
40.53 104.03 -118.71 -20.19
41.03 104.24 -118.45 -20.16
41.85 104.32 -117.75 -20.15
42.75 104.39 -117.95 -20.0
41.8 104.37 -118.12 -20.03
41.39 104.39 -118.65 -20.02
40.9 104.67 -118.33 -20.02
40.52 104.42 -117.87 -19.98
40.21 104.29 -117.8 -20.03
40.21 104.07 -117.8 -20.03
41.51 104.07 -117.27 -20.33
41.51 103.87 -117.27 -20.33
42.25 103.87 -117.12 -20.69
42.46 103.87 -117.45 -20.95
42.75 103.66 -117.8 -20.65
43.17 103.39 -118.17 -20.48
42.79 103.26 -118.56 -20.45
42.79 103.15 -119.06 -20.5
42.54 103.01 -119.17 -20.44
42.49 101.84 -119.5 -20.34
43.17 101.5 -119.5 -20.51
43.88 99.27 -119.2 -20.59
44.51 99.22 -118.75 -20.59
42.32 99.23 -118.78 -20.83
41.47 99.0 -118.85 -20.83
40.57 99.02 -117.81 -21.03
40.25 99.02 -119.34 -20.89
39.91 99.37 -117.36 -21.13
41.11 99.5 -117.36 -21.29
41.83 100.09 -116.97 -21.46
40.09 100.18 -117.1 -21.76
39.6 100.29 -117.3 -21.76
39.41 101.69 -117.73 -21.61
39.49 101.69 -118.51 -21.53
40.39 102.96 -118.6 -21.08
40.94 103.3 -117.9 -21.21
41.59 103.0 -117.93 -21.27
41.6 102.49 -117.97 -21.37
42.09 102.29 -118.47 -21.81
43.45 101.83 -118.69 -22.46
43.3 101.63 -119.13 -22.55
42.37 101.06 -119.13 -22.93
42.6 101.12 -119.64 -23.18
42.8 101.25 -119.47 -23.18
42.46 101.53 -119.38 -23.18
41.95 101.53 -119.21 -23.32
41.92 101.71 -118.53 -23.53
42.13 101.47 -118.31 -23.65
42.13 101.11 -118.31 -23.65
43.13 101.11 -118.58 -23.67
43.6 100.8 -119.07 -23.62
43.41 100.75 -119.07 -23.22
43.04 100.82 -119.07 -22.51
41.68 100.99 -118.47 -22.14
41.35 100.77 -117.74 -22.03
43.71 100.4 -118.04 -22.03
42.9 100.29 -118.19 -21.94
42.56 100.25 -117.99 -21.77
40.06 100.39 -117.7 -21.52
39.43 100.38 -117.52 -21.38
39.43 100.38 -118.85 -21.25
40.14 100.62 -119.48 -21.25
40.93 100.8 -119.1 -21.25
40.93 101.23 -118.76 -21.22
40.14 101.32 -118.52 -21.28
39.14 101.32 -118.3 -21.28
39.2 101.53 -117.92 -21.28
39.2 101.58 -117.92 -21.28
39.16 101.58 -118.41 -21.3
39.42 101.74 -118.6 -21.31
39.79 102.82 -118.58 -21.19
41.21 103.04 -118.67 -21.07
41.21 102.71 -118.76 -20.96
40.33 102.29 -119.18 -20.87
40.14 102.36 -119.59 -20.73
40.38 102.43 -119.45 -20.9
40.15 101.94 -119.35 -21.05
39.72 101.94 -119.08 -21.02
39.48 102.24 -118.82 -21.08
39.36 103.19 -118.4 -21.08
39.29 103.92 -118.14 -20.92
39.63 104.18 -118.07 -20.41
40.0 104.3 -117.75 -19.77
40.11 104.3 -117.44 -19.76
40.18 104.53 -117.02 -19.75
40.18 104.86 -117.02 -19.75
40.29 104.86 -118.0 -20.76
40.35 105.18 -118.24 -21.04
41.54 104.99 -118.14 -21.14
41.87 104.87 -117.78 -21.36
42.4 104.87 -117.84 -21.45
42.83 103.85 -117.85 -21.5
43.16 102.88 -117.88 -21.59
42.39 103.01 -117.89 -21.86
41.84 103.06 -117.77 -21.89
41.55 102.8 -117.74 -21.75
41.38 102.64 -117.95 -21.61
41.51 102.52 -117.79 -21.53
41.87 102.52 -117.61 -21.38
41.87 103.1 -117.61 -21.38
39.76 103.1 -117.19 -21.2
38.85 103.83 -117.17 -20.93
37.73 103.62 -118.76 -20.66
37.73 103.56 -117.81 -20.17
36.61 103.54 -118.0 -20.29
36.27 103.65 -118.6 -20.73
36.5 103.83 -119.26 -20.43
37.25 103.83 -120.12 -20.31
37.01 103.85 -120.63 -20.39
36.54 103.65 -120.43 -20.45
35.98 103.22 -120.41 -20.55
35.79 103.03 -120.46 -20.53
35.72 102.19 -120.27 -20.3
35.9 101.73 -120.12 -20.07
35.9 101.53 -120.12 -20.07
36.06 101.53 -119.58 -20.45
36.17 101.59 -119.46 -20.63
36.31 101.81 -119.28 -20.77
36.84 101.75 -118.9 -21.18
37.07 101.57 -118.51 -21.18
37.49 101.82 -118.61 -21.61
38.38 101.82 -118.68 -21.54
38.54 102.03 -118.6 -21.54
38.6 102.4 -118.23 -21.78
38.28 102.6 -118.24 -21.86
36.68 102.6 -118.26 -21.86
37.09 102.72 -117.84 -22.34
39.31 102.72 -117.87 -22.34
40.33 102.85 -117.63 -22.61
39.42 102.79 -117.63 -22.35
38.61 102.67 -117.85 -22.2
38.61 102.62 -117.85 -22.2
36.63 102.62 -117.73 -22.45
36.63 102.35 -117.73 -22.45
40.14 102.35 -117.66 -22.55
40.52 102.33 -117.42 -22.67
40.8 102.36 -117.28 -22.55
40.95 102.55 -117.08 -22.17
41.09 102.55 -116.95 -22.23
40.47 102.52 -116.79 -22.22
38.29 102.37 -116.61 -22.22
38.73 102.27 -116.56 -22.28
40.44 102.34 -116.45 -22.31
38.94 102.48 -116.41 -22.66
39.44 102.48 -116.05 -22.56
39.83 102.48 -116.02 -22.35
39.83 102.06 -115.92 -22.29
39.47 101.76 -115.7 -22.18
38.77 101.48 -115.74 -22.29
38.64 100.96 -115.89 -22.29
38.64 100.56 -115.96 -22.64
38.46 100.62 -116.03 -22.8
38.6 100.62 -116.23 -23.09
38.93 100.46 -116.92 -23.26
39.25 100.37 -117.87 -22.95
39.25 100.24 -117.87 -22.95
39.46 100.24 -118.27 -21.21
