29.41 100.10 -115.11 -26.94
29.65 100.32 -115.66 -26.8
29.77 100.32 -115.98 -26.74
29.77 100.4 -116.37 -26.66
29.89 100.52 -116.54 -26.66
29.91 100.67 -116.77 -27.28
29.96 100.67 -116.77 -28.17
29.96 100.38 -116.77 -28.17
30.36 100.38 -116.88 -28.75
30.36 99.88 -116.88 -28.75
24.35 99.88 -117.24 -28.75
18.08 99.67 -117.08 -28.75
14.8 99.61 -116.94 -28.75
16.57 99.52 -116.98 -28.9
17.66 99.45 -116.72 -28.9
25.03 99.34 -116.72 -29.14
28.15 99.56 -116.51 -29.41
28.15 99.77 -116.51 -29.41
30.73 99.77 -116.67 -30.3
31.17 100.56 -116.92 -30.3
31.21 100.28 -116.92 -31.86
31.38 100.28 -117.31 -32.05
32.31 100.28 -117.58 -32.05
32.61 100.28 -117.82 -32.09
32.74 100.19 -117.49 -32.43
32.74 100.09 -117.49 -32.43
32.52 100.09 -117.0 -32.43
32.08 99.98 -117.26 -32.6
31.72 99.77 -117.5 -32.02
31.56 99.57 -117.5 -30.64
31.67 99.53 -117.84 -30.64
31.82 99.67 -116.88 -30.44
32.02 99.67 -116.88 -30.71
31.95 99.96 -116.38 -30.71
31.97 100.31 -116.1 -31.27
32.04 100.34 -115.38 -31.44
31.89 100.37 -114.65 -31.44
32.2 100.26 -114.78 -31.56
32.43 100.22 -114.92 -32.03
32.82 100.28 -115.15 -31.91
32.82 100.28 -115.15 -31.91
33.55 100.28 -115.47 -31.91
34.04 100.61 -115.63 -31.73
33.97 100.61 -115.87 -31.73
33.74 100.72 -115.87 -31.13
33.74 100.75 -115.87 -31.13
33.71 100.75 -116.22 -31.44
34.04 100.49 -116.64 -31.44
34.42 100.21 -117.0 -31.6
34.19 100.17 -117.17 -31.85
33.82 99.97 -117.32 -32.11
33.46 99.97 -117.11 -31.87
33.47 99.97 -117.03 -31.51
33.49 99.97 -116.88 -31.3
33.34 99.69 -116.32 -31.3
33.19 99.48 -116.32 -31.52
32.92 98.77 -115.79 -31.71
32.92 99.09 -115.79 -31.71
31.55 99.09 -114.27 -32.06
31.29 100.07 -113.94 -32.25
30.76 100.72 -113.66 -32.44
30.76 100.72 -113.66 -32.44
30.94 100.72 -112.49 -33.38
31.97 100.72 -112.67 -33.74
31.97 100.72 -112.67 -33.74
32.55 100.72 -112.82 -34.13
32.38 100.68 -113.08 -34.32
32.38 100.72 -113.77 -34.47
32.91 100.65 -114.06 -34.47
32.91 100.71 -114.13 -34.47
34.0 101.02 -113.94 -34.47
34.0 101.29 -113.94 -34.47
34.96 101.29 -113.4 -34.76
34.3 101.84 -113.2 -34.71
34.06 102.07 -113.2 -35.16
33.46 102.36 -113.68 -35.44
33.44 102.3 -114.13 -35.81
33.52 102.3 -114.41 -35.81
33.52 102.26 -114.41 -35.81
33.46 102.26 -113.52 -35.42
32.38 102.26 -112.4 -35.37
32.07 102.2 -112.68 -35.25
32.31 102.17 -112.89 -35.13
32.31 102.42 -113.47 -35.73
32.46 102.57 -113.92 -35.94
32.87 102.84 -114.22 -36.1
33.13 102.95 -114.21 -35.56
32.24 102.68 -114.15 -35.56
31.9 102.38 -113.9 -35.19
31.2 102.09 -113.56 -35.04
31.11 102.0 -113.36 -34.97
31.11 102.0 -113.03 -34.67
31.11 101.7 -112.8 -34.46
31.11 101.75 -112.8 -34.46
31.26 101.75 -112.66 -35.02
31.05 102.19 -113.3 -35.14
30.76 102.19 -113.46 -35.28
30.74 102.11 -113.46 -35.4
30.33 101.84 -113.48 -35.36
29.68 101.59 -113.79 -34.96
29.68 101.59 -114.49 -34.48
29.11 101.77 -114.81 -34.23
29.11 101.88 -115.48 -34.23
29.8 101.41 -115.48 -33.64
30.58 101.2 -115.89 -33.64
31.01 101.25 -116.61 -33.05
31.01 101.34 -117.02 -32.57
31.01 101.42 -117.02 -32.57
30.79 101.42 -117.39 -32.59
30.79 101.7 -117.39 -32.59
31.52 101.7 -117.62 -33.32
31.86 101.87 -117.79 -33.81
32.45 101.97 -118.22 -33.81
32.45 101.97 -118.22 -33.81
33.24 101.97 -117.41 -35.11
33.57 101.93 -115.56 -35.41
33.63 101.9 -115.56 -36.09
32.47 101.9 -115.56 -36.35
32.47 102.0 -115.56 -36.35
32.03 102.0 -115.35 -35.94
32.03 101.82 -115.14 -35.76
32.07 101.43 -114.73 -35.48
32.18 101.27 -114.73 -35.15
31.9 100.94 -114.49 -35.3
31.62 100.76 -114.4 -35.3
31.29 100.74 -114.4 -35.26
31.17 100.84 -114.36 -35.26
31.01 101.04 -114.52 -35.45
30.9 101.11 -114.51 -35.42
30.89 101.11 -114.45 -35.35
27.37 101.34 -114.36 -35.03
33.61 101.34 -114.37 -34.85
34.32 101.34 -114.12 -34.85
33.11 101.08 -113.84 -34.54
29.97 100.96 -113.84 -34.15
30.65 100.85 -113.51 -33.82
32.29 100.75 -113.19 -33.91
36.77 100.98 -112.86 -33.91
36.77 101.36 -112.86 -33.91
35.73 101.36 -113.51 -34.26
35.47 101.88 -113.58 -34.34
34.92 101.79 -113.71 -34.85
34.65 101.79 -114.2 -34.85
34.42 101.84 -113.99 -34.85
34.42 101.73 -113.99 -34.85
34.02 101.73 -113.52 -34.54
33.71 101.68 -113.52 -33.91
33.32 101.66 -113.08 -33.71
32.61 101.66 -112.96 -33.85
31.87 101.66 -112.9 -33.85
30.52 101.52 -112.9 -34.06
30.52 101.57 -112.9 -34.06
28.54 101.57 -112.58 -34.06
29.04 101.53 -113.06 -34.06
29.04 101.43 -113.06 -34.06
29.36 101.43 -113.27 -33.91
30.09 101.31 -114.83 -33.33
30.55 101.22 -115.06 -33.09
31.38 101.02 -115.37 -32.98
31.2 100.93 -115.92 -32.8
31.0 100.76 -116.3 -32.67
30.43 100.7 -117.86 -32.6
30.03 100.7 -117.86 -32.31
30.02 100.6 -117.86 -32.52
30.02 100.34 -117.86 -32.52
29.95 100.34 -114.89 -34.08
29.81 100.14 -114.08 -34.61
29.99 99.87 -113.94 -34.61
29.99 99.53 -113.94 -34.61
29.75 99.53 -113.94 -36.52
29.59 98.91 -114.4 -36.67
28.96 98.93 -114.83 -36.71
28.96 99.01 -115.27 -37.1
29.03 98.82 -114.85 -37.18
29.12 98.5 -114.38 -37.18
28.84 98.1 -113.81 -37.27
28.81 97.93 -113.32 -37.27
28.22 97.53 -113.16 -37.45
28.22 97.43 -113.09 -36.81
28.88 97.42 -113.28 -36.42
29.32 97.74 -113.52 -35.83
29.32 97.95 -114.08 -35.67
30.21 98.08 -113.85 -35.41
30.14 98.18 -113.61 -35.41
30.15 99.06 -113.61 -35.23
30.17 99.84 -113.61 -34.71
30.17 100.01 -113.61 -34.71
31.48 100.01 -113.13 -34.45
31.73 100.13 -113.51 -34.45
31.73 100.3 -113.51 -34.45
31.81 100.3 -114.08 -33.98
31.88 100.23 -114.38 -33.74
31.88 100.17 -114.43 -33.54
31.93 100.09 -114.51 -33.58
32.09 99.71 -114.6 -33.54
31.82 99.71 -114.82 -33.54
31.76 99.33 -114.82 -33.75
31.74 99.35 -114.91 -34.0
32.04 99.74 -114.61 -34.47
32.04 100.04 -114.61 -34.47
