12.60 117.62 -106.99 -16.60
12.07 117.87 -106.99 -15.71
11.9 118.01 -106.86 -15.53
11.71 118.01 -106.81 -15.89
11.26 118.1 -106.88 -15.89
11.83 118.3 -107.06 -15.97
12.74 118.51 -107.43 -15.23
13.6 118.51 -107.85 -14.46
13.96 118.55 -107.85 -13.15
14.17 118.71 -107.85 -12.72
14.33 118.87 -108.21 -12.79
14.7 118.6 -108.21 -12.86
14.86 118.44 -108.21 -13.53
15.09 117.93 -108.69 -13.98
14.0 117.93 -108.51 -14.32
12.89 117.76 -108.13 -14.7
11.65 117.76 -107.67 -14.77
10.24 117.76 -107.77 -14.77
9.91 117.69 -107.92 -14.86
10.09 117.66 -107.99 -15.01
10.38 117.7 -108.08 -15.01
10.38 117.49 -108.08 -15.01
10.99 117.49 -107.86 -15.01
10.99 117.56 -107.86 -15.01
12.24 117.56 -107.94 -15.01
12.24 117.78 -107.99 -15.0
12.24 117.96 -107.99 -15.0
11.38 117.96 -107.99 -15.0
11.25 117.84 -108.27 -14.82
11.25 117.84 -108.27 -14.82
11.36 117.84 -107.76 -14.82
12.49 117.63 -107.42 -14.54
12.9 117.63 -107.42 -14.54
12.9 117.44 -107.8 -13.98
13.52 117.44 -107.94 -13.98
13.52 117.77 -107.94 -13.98
14.0 117.77 -108.69 -14.72
14.0 118.3 -109.09 -15.21
13.9 118.72 -109.47 -15.78
13.9 118.88 -109.7 -16.56
13.72 118.93 -110.01 -16.87
12.98 118.7 -110.01 -17.3
12.98 118.52 -110.01 -17.3
11.08 118.52 -109.19 -18.17
10.53 118.29 -109.19 -18.8
10.64 118.15 -108.59 -19.12
10.64 118.15 -108.59 -19.12
10.79 118.15 -108.3 -19.03
10.94 117.59 -108.01 -18.43
11.25 117.59 -107.74 -18.17
11.56 117.4 -107.31 -17.95
12.24 117.29 -107.83 -17.95
12.85 117.23 -108.3 -17.78
13.39 117.23 -108.68 -17.63
13.54 117.03 -109.1 -17.31
12.55 116.99 -109.1 -17.25
11.59 116.83 -109.5 -17.16
11.33 116.83 -109.32 -17.08
11.33 116.83 -108.91 -17.08
11.41 116.98 -108.53 -17.08
11.76 116.98 -108.74 -17.03
11.76 117.09 -109.03 -17.59
11.76 117.56 -108.96 -16.71
12.21 117.35 -108.67 -16.71
12.62 117.22 -108.08 -16.71
12.98 117.22 -107.84 -16.71
13.37 117.1 -107.84 -17.63
13.48 117.06 -107.86 -17.63
13.58 117.52 -107.86 -20.12
12.52 117.71 -107.93 -20.12
12.44 117.71 -107.88 -20.12
13.24 117.73 -107.74 -20.12
14.08 117.83 -107.68 -20.56
13.98 117.77 -107.53 -20.61
13.98 117.75 -107.53 -20.61
13.87 117.75 -107.25 -19.87
13.69 117.83 -107.72 -19.87
13.61 117.59 -108.21 -19.35
13.61 117.6 -108.21 -19.35
13.99 117.6 -109.29 -18.22
14.16 117.62 -109.09 -18.18
14.16 117.56 -108.77 -18.12
13.93 117.38 -108.56 -18.13
13.93 117.38 -108.34 -17.9
13.59 116.97 -108.18 -17.9
13.59 116.58 -108.18 -17.9
12.97 116.58 -108.0 -17.65
12.97 116.51 -108.0 -17.65
13.48 116.51 -108.0 -17.6
12.45 116.52 -107.93 -17.6
12.45 116.42 -107.93 -17.6
11.16 116.42 -107.77 -17.61
12.87 116.42 -107.61 -17.65
13.45 116.32 -107.59 -17.68
13.77 116.71 -107.5 -17.98
13.17 116.71 -107.5 -18.47
13.17 116.82 -107.5 -18.47
12.46 116.82 -107.76 -18.38
12.24 116.82 -108.36 -18.03
11.85 117.03 -108.36 -17.89
11.45 117.21 -108.42 -17.89
11.58 117.32 -108.42 -18.11
11.58 117.17 -108.42 -18.1
11.73 116.95 -108.45 -17.86
11.87 116.83 -108.45 -17.48
11.95 116.97 -108.43 -17.48
11.88 117.05 -108.47 -17.48
11.88 117.08 -108.47 -17.48
11.44 117.08 -108.56 -20.2
11.5 117.3 -108.56 -17.36
11.57 116.93 -108.56 -15.71
11.47 116.65 -108.6 -15.65
11.55 116.33 -108.63 -15.64
11.55 115.96 -108.63 -15.64
10.58 115.96 -109.13 -16.23
10.58 115.84 -109.13 -16.23
10.07 115.84 -109.24 -16.53
10.52 116.61 -109.25 -16.83
10.52 116.9 -109.25 -16.83
11.51 116.9 -109.56 -17.19
11.16 116.87 -109.64 -17.25
11.07 116.75 -109.74 -17.63
10.89 116.58 -109.88 -17.63
10.89 116.41 -109.13 -17.27
10.91 116.7 -109.13 -16.86
10.91 116.85 -108.53 -16.5
11.49 116.85 -108.33 -16.17
12.54 116.94 -108.35 -15.91
13.32 116.94 -108.35 -15.91
12.63 117.42 -108.3 -15.91
11.95 117.65 -108.42 -16.02
10.39 117.89 -108.42 -16.14
9.32 117.64 -108.51 -16.27
8.75 117.09 -108.51 -16.27
9.54 116.86 -108.51 -16.3
9.54 117.36 -108.51 -16.3
9.54 117.36 -108.51 -16.4
11.03 117.51 -108.73 -16.53
12.72 117.12 -108.73 -16.58
12.72 117.0 -109.1 -16.43
11.59 117.0 -109.23 -16.5
10.85 117.0 -109.15 -16.47
10.85 117.0 -109.15 -16.47
11.68 117.0 -109.1 -16.22
11.67 117.09 -109.1 -16.06
11.67 117.2 -109.1 -16.06
11.5 117.2 -109.04 -15.63
11.5 117.37 -109.04 -15.63
11.61 117.37 -108.94 -16.11
11.79 117.39 -108.94 -16.11
11.97 117.59 -109.44 -16.42
11.94 117.59 -109.62 -16.64
11.82 117.53 -109.89 -16.85
11.96 117.48 -109.15 -17.34
11.96 117.48 -109.15 -17.34
11.61 117.48 -109.15 -18.79
11.31 117.28 -108.84 -18.8
12.11 117.15 -108.84 -18.8
12.11 117.03 -108.57 -20.53
12.62 116.77 -108.38 -20.53
13.12 116.7 -108.39 -19.25
13.15 116.59 -108.37 -18.47
12.83 116.59 -108.37 -18.11
11.89 116.09 -108.38 -18.19
11.51 116.09 -108.37 -17.94
11.51 116.08 -108.37 -17.94
10.84 116.08 -108.32 -17.99
10.92 116.06 -108.41 -17.99
10.92 116.29 -108.41 -17.99
11.2 116.29 -108.41 -17.99
11.65 116.19 -108.29 -17.87
11.81 115.95 -108.22 -18.01
11.96 116.03 -108.22 -16.78
11.96 116.22 -108.22 -16.78
11.7 116.22 -108.3 -15.85
11.13 116.22 -108.31 -15.84
11.13 116.57 -108.31 -15.84
12.06 116.57 -108.27 -15.84
12.95 116.57 -108.21 -15.89
13.55 116.63 -107.89 -15.91
13.55 116.65 -107.89 -15.91
13.99 116.65 -107.81 -16.74
13.65 116.94 -107.79 -16.74
14.0 117.02 -108.28 -17.3
14.0 117.02 -108.28 -17.3
14.89 117.02 -109.24 -17.02
14.8 117.2 -109.47 -16.76
14.48 117.33 -108.78 -16.46
14.07 117.56 -108.1 -16.21
14.07 117.56 -107.87 -16.44
14.07 117.49 -107.87 -16.44
13.83 117.49 -107.94 -16.6
12.98 117.38 -108.08 -16.94
12.85 117.18 -108.4 -17.04
12.47 117.18 -107.99 -17.04
11.82 117.09 -107.36 -16.99
11.61 117.09 -107.15 -16.91
11.61 117.22 -107.15 -16.91
11.08 117.22 -106.45 -16.91
11.6 117.44 -106.15 -16.91
