14.15 119.71 -98.77 -22.13
13.56 119.71 -99.03 -21.95
12.28 120.05 -99.14 -21.89
12.28 120.38 -99.14 -21.89
12.36 120.38 -99.18 -22.07
14.46 121.05 -99.17 -22.31
15.6 121.05 -99.04 -22.09
15.6 121.4 -99.04 -22.09
16.76 121.4 -98.78 -21.8
16.76 121.47 -98.14 -21.7
17.04 121.98 -98.14 -21.51
17.12 122.12 -97.74 -21.51
16.71 122.24 -97.59 -21.51
16.71 121.99 -97.59 -21.51
15.54 121.99 -97.38 -21.73
15.41 121.6 -97.38 -21.97
14.8 121.49 -97.1 -21.97
16.45 121.6 -95.89 -21.97
18.37 122.18 -104.14 -22.28
18.37 122.36 -104.14 -22.28
18.65 122.36 -106.31 -22.28
14.57 122.94 -107.85 -22.17
12.52 122.94 -106.94 -21.97
10.84 122.26 -105.24 -21.76
7.64 121.91 -105.24 -21.66
6.38 121.71 -104.48 -21.65
6.38 121.48 -104.48 -21.65
7.39 121.48 -104.48 -21.48
7.41 121.96 -104.12 -21.48
8.08 122.11 -102.77 -21.4
8.08 122.23 -101.54 -21.12
8.87 122.35 -100.8 -21.03
9.28 122.35 -99.74 -21.03
9.8 122.25 -101.05 -21.03
10.71 122.08 -101.57 -20.85
10.71 122.14 -101.57 -20.85
15.49 122.14 -102.73 -20.52
16.3 121.88 -102.73 -20.21
14.57 121.76 -102.85 -20.14
12.8 121.76 -103.07 -20.14
12.4 121.59 -103.02 -21.78
11.93 121.42 -102.69 -20.86
10.68 121.36 -102.5 -19.79
9.75 121.38 -102.14 -21.99
8.27 121.37 -101.93 -22.88
7.08 121.36 -101.7 -23.25
6.34 121.35 -101.7 -23.46
6.23 121.51 -101.51 -23.64
6.11 121.68 -101.42 -23.21
5.52 121.68 -101.1 -22.73
5.52 122.11 -101.1 -22.73
5.03 122.11 -100.75 -22.27
4.56 123.02 -100.75 -22.62
4.5 123.6 -100.43 -22.83
4.32 123.44 -99.83 -22.83
4.73 123.3 -99.56 -22.9
4.93 123.3 -99.47 -21.58
5.73 123.3 -99.36 -21.29
5.39 123.3 -99.19 -20.85
4.46 123.07 -99.18 -20.77
9.26 122.62 -99.13 -20.77
14.29 122.62 -99.13 -20.87
20.05 122.02 -99.15 -20.99
20.6 121.85 -98.97 -21.09
22.26 122.15 -98.98 -20.92
22.73 122.15 -99.22 -20.74
23.24 122.44 -99.22 -20.63
22.05 122.98 -99.42 -20.42
21.2 122.98 -99.42 -20.28
20.91 123.42 -99.55 -20.28
20.91 123.51 -99.21 -20.39
18.93 123.35 -99.01 -20.39
18.5 123.24 -98.83 -20.33
19.5 123.05 -98.57 -20.08
22.33 123.05 -98.57 -19.97
21.89 122.84 -97.98 -19.96
20.43 122.83 -97.86 -19.91
20.4 123.05 -97.86 -20.07
20.4 123.43 -97.86 -20.07
21.98 123.43 -97.82 -20.22
21.98 123.63 -97.92 -20.26
22.33 123.46 -97.97 -20.29
19.35 123.44 -98.05 -20.29
19.35 123.37 -98.05 -20.29
19.48 123.37 -98.33 -20.5
20.28 123.47 -98.51 -20.5
20.45 123.6 -98.69 -20.59
20.49 123.6 -98.7 -20.28
20.68 123.71 -98.91 -19.92
20.68 123.66 -98.91 -19.92
22.66 123.66 -99.4 -20.0
23.47 123.95 -99.35 -20.14
22.92 123.94 -99.35 -20.32
22.8 123.81 -99.35 -20.65
22.6 123.58 -98.99 -20.58
22.3 123.58 -98.99 -20.36
21.72 123.11 -98.95 -20.67
20.76 122.44 -99.25 -20.85
20.44 122.17 -99.6 -20.85
19.67 121.97 -99.9 -21.6
18.6 121.97 -100.48 -21.6
18.1 121.75 -100.29 -21.56
17.83 121.32 -100.29 -21.54
17.6 121.05 -100.25 -21.38
17.15 121.22 -100.13 -21.27
16.97 121.33 -100.13 -21.86
16.62 121.36 -100.0 -22.05
16.54 121.05 -99.68 -22.05
16.6 120.85 -99.61 -22.18
16.92 120.24 -99.61 -22.32
16.76 119.95 -99.61 -22.2
16.76 120.44 -99.61 -22.2
16.55 120.44 -99.39 -22.16
16.73 120.44 -99.33 -22.17
17.26 120.75 -99.33 -22.36
17.26 120.96 -99.73 -23.22
17.64 121.47 -100.44 -23.21
18.0 121.47 -101.06 -23.11
18.89 121.47 -100.99 -22.88
19.32 121.47 -100.97 -22.76
19.32 121.78 -100.97 -22.76
19.87 121.78 -100.93 -22.57
19.96 122.15 -101.04 -22.38
20.03 121.88 -101.38 -22.25
20.03 121.67 -101.38 -22.25
19.33 121.67 -101.0 -21.86
19.33 121.24 -101.0 -21.86
18.27 121.24 -100.71 -21.78
19.47 121.47 -100.33 -21.58
19.69 121.58 -100.33 -21.61
19.4 121.7 -99.94 -21.7
19.4 121.7 -99.94 -22.0
19.4 121.97 -99.94 -22.0
19.4 121.97 -99.54 -22.57
19.19 122.18 -99.07 -21.92
19.19 122.17 -99.07 -21.92
19.32 122.17 -98.77 -22.27
19.36 121.97 -98.82 -22.36
19.14 122.03 -98.87 -22.34
18.57 122.03 -98.78 -22.21
18.57 122.03 -98.78 -22.21
18.11 122.03 -98.7 -22.21
17.63 122.04 -98.82 -21.78
17.63 122.06 -98.82 -21.78
17.1 122.06 -98.89 -21.45
16.6 122.11 -98.75 -21.01
16.6 122.07 -98.75 -21.01
16.36 122.07 -98.75 -21.32
15.67 121.43 -99.02 -21.92
15.46 121.43 -98.98 -21.73
15.46 121.22 -98.98 -21.73
14.57 121.22 -98.92 -21.73
14.57 121.44 -98.92 -21.73
14.29 121.44 -99.07 -21.63
14.29 121.65 -99.06 -21.52
14.1 121.71 -99.06 -21.37
13.49 121.83 -99.12 -21.37
13.16 121.83 -99.28 -21.33
13.21 121.94 -99.28 -21.11
12.83 122.0 -99.68 -21.05
12.23 121.96 -99.95 -20.92
11.71 121.96 -99.95 -20.88
11.71 121.96 -99.95 -20.88
11.95 121.96 -100.23 -20.76
12.08 121.72 -100.23 -20.76
12.56 121.62 -100.49 -20.62
12.56 121.62 -100.49 -20.62
12.76 121.62 -101.28 -21.04
13.01 121.69 -102.37 -21.22
13.01 121.59 -104.39 -21.42
13.22 121.93 -99.45 -21.42
13.23 122.25 -99.45 -21.55
13.23 122.78 -99.45 -21.55
13.54 122.78 -98.17 -21.46
13.54 122.39 -98.67 -21.24
14.11 121.63 -99.08 -21.02
14.11 121.63 -99.81 -20.74
14.11 121.39 -99.81 -20.74
14.73 121.39 -100.14 -20.08
14.84 121.38 -100.14 -19.81
14.89 121.69 -99.41 -19.71
14.89 121.89 -99.41 -19.71
14.87 121.89 -97.66 -19.89
14.0 122.14 -97.66 -20.01
16.06 122.41 -98.11 -20.18
16.06 122.59 -98.11 -20.18
17.07 122.59 -98.63 -20.37
17.44 122.85 -98.7 -20.37
17.44 122.96 -98.7 -20.37
17.6 122.96 -98.89 -20.36
16.66 123.15 -98.82 -20.38
15.81 123.2 -98.89 -20.38
15.2 122.99 -98.97 -20.27
14.82 122.77 -99.06 -20.62
14.82 122.77 -98.41 -20.62
14.55 122.66 -98.13 -21.25
14.13 122.66 -97.8 -21.25
13.09 122.35 -97.54 -21.19
12.85 122.28 -97.76 -21.48
12.85 122.28 -98.08 -22.26
