77.79 -135.57 -8.91 58.40
77.79 -142.34 -8.91 59.26
78.36 -140.47 -8.91 59.48
79.38 -137.63 -8.84 59.77
79.81 -137.63 -8.84 59.62
80.38 -136.53 -8.64 59.59
80.73 -136.31 -8.47 59.59
81.73 -135.73 -8.16 60.24
81.29 -135.73 -8.16 60.68
80.94 -135.21 -8.19 60.94
80.84 -134.35 -8.05 60.94
80.84 -134.46 -8.05 60.94
80.65 -134.46 -8.6 60.25
80.65 -134.66 -8.6 60.25
77.65 -134.66 -8.6 60.08
79.14 -132.26 -8.6 59.86
79.14 -131.43 -8.75 59.79
79.19 -131.43 -8.82 59.67
79.37 -128.8 -9.3 59.67
79.4 -128.8 -9.3 59.27
80.7 -126.75 -9.45 59.27
80.7 -125.36 -9.74 58.94
80.7 -125.36 -9.95 59.73
80.76 -124.06 -10.13 59.73
80.76 -123.41 -10.13 59.73
79.56 -123.41 -10.2 60.05
79.33 -122.39 -10.39 60.05
79.33 -122.65 -10.11 59.95
77.77 -126.51 -9.82 59.95
77.24 -129.02 -9.82 59.22
76.42 -129.02 -9.82 60.16
76.17 -133.03 -9.59 60.96
75.86 -133.03 -9.59 60.92
75.62 -133.03 -9.11 60.72
75.37 -133.03 -8.86 60.56
75.37 -133.03 -8.86 60.56
74.84 -133.03 -8.86 60.3
75.06 -136.5 -8.86 60.09
75.06 -138.11 -8.86 59.84
75.06 -139.83 -8.86 59.84
75.55 -139.83 -8.56 59.85
75.71 -140.86 -8.6 59.85
75.71 -140.57 -8.6 59.85
76.01 -140.57 -8.57 60.24
75.73 -140.57 -8.54 60.35
75.73 -140.57 -8.54 60.35
75.4 -140.57 -8.4 60.26
75.4 -138.32 -8.4 60.26
75.6 -138.32 -8.69 60.12
75.57 -136.95 -8.98 60.73
76.46 -137.01 -9.51 61.17
76.46 -137.13 -9.51 61.17
74.98 -137.13 -9.8 61.88
74.98 -137.17 -9.56 61.9
75.36 -134.99 -9.41 62.05
77.75 -132.94 -9.39 61.81
77.45 -132.94 -9.39 61.31
80.18 -130.05 -9.32 61.12
80.18 -128.77 -9.32 61.12
85.9 -128.77 -9.01 61.13
85.06 -129.3 -8.92 61.13
85.06 -129.75 -8.92 61.13
83.74 -129.75 -8.33 61.2
83.5 -129.87 -7.67 61.28
82.55 -130.18 -7.0 61.28
82.85 -130.46 -7.08 61.28
82.74 -131.36 -7.46 61.25
83.37 -131.85 -7.39 61.24
83.57 -131.99 -7.4 61.27
83.37 -132.01 -7.4 61.27
83.37 -131.88 -7.4 61.27
86.92 -131.88 -7.79 61.6
86.18 -132.21 -8.33 61.6
85.7 -132.48 -8.33 61.6
85.7 -132.93 -8.33 61.6
84.13 -132.93 -9.78 61.89
83.2 -132.53 -10.14 62.06
83.2 -132.53 -10.52 62.22
81.45 -131.71 -10.65 62.22
81.36 -130.38 -10.81 62.22
80.28 -129.69 -11.09 62.11
79.83 -129.34 -10.71 62.15
82.17 -129.07 -10.49 62.08
82.22 -129.07 -10.49 61.94
82.19 -129.32 -10.03 61.33
82.13 -129.39 -9.5 61.33
81.68 -129.63 -9.27 61.13
81.68 -129.82 -8.78 61.02
81.41 -130.14 -8.53 60.91
81.41 -130.41 -8.53 60.91
80.35 -130.41 -8.28 60.53
79.22 -130.76 -8.21 60.53
79.22 -130.83 -8.21 60.53
77.98 -130.83 -7.94 60.2
77.98 -130.82 -7.83 60.12
77.98 -130.82 -7.83 60.28
77.98 -131.3 -7.83 60.28
76.89 -131.3 -7.74 60.26
76.36 -131.06 -7.69 60.26
76.95 -130.43 -7.69 60.47
77.11 -130.22 -8.0 60.47
76.74 -130.14 -8.26 60.6
76.74 -130.28 -8.26 60.6
76.9 -130.28 -8.77 60.57
77.44 -130.28 -9.59 60.57
77.1 -130.82 -9.76 60.68
77.57 -130.68 -9.83 60.68
77.57 -130.52 -9.83 60.68
77.84 -130.52 -9.64 60.85
77.84 -130.92 -9.64 60.85
77.95 -130.92 -9.23 61.01
77.95 -138.83 -9.23 61.01
77.59 -138.83 -8.97 59.62
77.59 -144.25 -8.97 59.62
77.93 -144.25 -8.97 59.04
77.93 -147.09 -8.97 59.04
78.2 -147.09 -8.97 58.61
78.47 -146.53 -8.75 58.3
78.52 -146.98 -8.54 58.86
78.51 -146.23 -8.29 58.86
78.51 -146.23 -8.29 58.86
78.12 -146.23 -8.87 59.82
78.35 -145.9 -9.11 60.1
78.38 -145.9 -9.17 60.4
78.52 -142.71 -9.17 60.97
78.19 -139.83 -9.32 61.15
77.92 -131.82 -9.32 60.72
77.57 -129.71 -9.36 60.72
77.94 -128.54 -9.32 59.9
78.33 -127.97 -9.87 59.4
78.63 -127.8 -10.4 58.81
77.87 -127.58 -10.71 60.49
75.19 -127.58 -11.01 61.24
75.14 -127.43 -11.28 62.29
78.06 -127.06 -11.26 62.14
80.78 -126.46 -11.21 62.14
80.78 -125.72 -11.19 61.94
81.32 -125.66 -11.31 61.55
81.32 -125.66 -11.31 61.55
80.02 -125.66 -11.65 61.77
79.72 -125.95 -11.87 61.77
79.72 -125.95 -11.87 61.77
77.92 -125.95 -11.38 61.81
77.92 -126.02 -11.38 61.81
76.28 -126.02 -10.8 61.78
75.53 -125.5 -10.7 61.7
75.73 -125.5 -10.7 61.75
75.94 -125.19 -10.53 61.95
76.88 -124.73 -10.53 62.02
77.74 -124.31 -10.12 61.73
78.41 -124.6 -9.87 61.36
78.92 -129.12 -9.76 60.79
78.56 -129.12 -9.8 60.79
78.45 -136.73 -9.91 59.98
79.15 -136.73 -10.18 59.84
78.65 -142.39 -10.34 59.52
79.32 -144.34 -10.11 59.2
79.67 -143.7 -10.11 59.27
79.67 -143.49 -9.92 59.47
79.34 -142.63 -9.89 59.47
79.33 -141.87 -9.89 59.64
80.44 -140.46 -9.89 59.63
80.45 -142.37 -9.89 59.94
80.53 -143.54 -9.89 60.08
81.42 -145.01 -10.05 60.39
82.39 -135.88 -10.04 60.84
83.12 -135.88 -10.07 60.84
83.12 -133.96 -10.07 60.84
83.32 -133.96 -9.08 61.08
81.88 -132.33 -8.68 61.17
81.88 -133.2 -8.68 61.17
76.22 -133.2 -8.1 59.96
75.3 -134.44 -7.79 60.07
75.3 -134.95 -7.79 60.07
77.68 -134.95 -7.59 58.83
78.09 -133.99 -7.41 56.86
82.18 -133.99 -7.14 56.59
84.52 -133.99 -7.32 56.81
85.62 -133.79 -7.32 57.19
85.45 -133.55 -7.52 57.48
85.06 -133.28 -7.89 57.69
84.79 -133.66 -8.0 57.69
84.79 -134.11 -8.05 58.19
84.79 -133.26 -8.05 58.19
84.76 -133.26 -7.89 58.47
83.91 -132.69 -7.89 58.02
83.91 -132.28 -7.89 58.02
86.16 -132.28 -7.82 57.67
84.74 -132.83 -7.74 57.24
84.36 -133.02 -7.37 57.24
84.36 -132.73 -7.37 57.24
79.25 -132.73 -6.97 56.64
79.25 -132.28 -6.97 56.64
83.03 -132.28 -6.84 56.43
84.64 -132.04 -6.84 56.27
84.09 -131.64 -6.97 56.4
84.09 -131.64 -6.97 56.4
83.22 -131.64 -7.87 56.69
83.0 -132.67 -7.98 56.81
85.8 -135.48 -8.14 56.82
