96.84 -101.73 -19.36 48.62
96.57 -101.73 -19.94 48.3
96.28 -101.61 -20.24 48.3
95.98 -101.18 -20.53 48.21
95.71 -101.18 -20.75 48.31
95.58 -100.8 -21.59 48.6
95.39 -100.56 -21.85 50.24
95.63 -100.41 -21.96 49.18
95.95 -100.05 -22.02 49.06
96.16 -100.1 -22.02 49.02
96.33 -100.38 -22.14 48.55
96.38 -100.38 -22.62 48.32
96.22 -100.25 -23.24 48.99
96.3 -100.25 -23.24 49.02
96.3 -99.78 -23.24 49.02
96.76 -99.78 -23.24 48.52
96.67 -99.72 -23.45 48.23
96.51 -99.53 -23.45 48.11
96.08 -99.63 -21.39 48.11
96.71 -99.76 -20.55 47.56
97.55 -99.92 -19.08 47.31
97.51 -99.94 -18.47 47.82
97.15 -99.94 -18.19 48.38
97.72 -100.05 -17.62 48.4
97.93 -99.94 -17.25 48.19
98.08 -99.78 -17.25 48.13
97.4 -100.07 -17.2 48.03
97.77 -100.46 -16.94 48.15
97.38 -100.59 -17.2 48.26
96.83 -100.98 -17.63 47.45
96.62 -100.68 -18.02 47.26
96.45 -100.48 -18.29 47.34
96.58 -100.43 -18.38 47.67
96.82 -100.59 -18.55 47.94
96.45 -100.83 -18.69 47.94
96.45 -100.95 -18.69 48.79
96.3 -100.62 -18.54 50.9
95.89 -100.62 -18.51 50.73
95.82 -100.54 -18.53 51.19
95.59 -99.92 -18.59 51.89
95.57 -99.4 -18.52 51.87
95.75 -99.18 -18.56 52.05
95.95 -99.47 -19.36 51.91
96.01 -99.74 -19.42 51.22
95.86 -99.98 -19.25 50.15
95.93 -99.73 -18.78 50.15
97.09 -99.3 -19.15 49.89
97.36 -99.27 -19.52 49.93
97.6 -99.23 -19.16 50.23
98.02 -99.32 -18.86 50.23
98.23 -99.5 -18.55 50.67
98.05 -99.59 -18.37 51.34
97.53 -99.86 -18.27 52.12
96.32 -100.06 -17.98 52.4
96.91 -100.17 -17.82 52.85
97.57 -100.34 -17.72 52.73
97.55 -100.34 -17.72 52.8
96.76 -100.32 -17.08 52.7
95.59 -100.32 -16.82 52.56
95.38 -100.3 -12.92 52.51
95.29 -100.48 -13.98 51.8
91.84 -100.52 -13.98 51.32
88.99 -100.96 -15.65 50.61
96.93 -100.78 -14.39 50.51
97.34 -100.78 -14.45 50.45
97.11 -100.61 -14.45 50.04
96.87 -100.61 -14.49 49.8
97.22 -100.2 -14.55 49.8
98.75 -99.7 -14.31 50.06
98.88 -99.73 -14.13 50.39
98.88 -99.89 -14.13 50.39
98.84 -99.89 -13.42 50.28
98.8 -99.6 -13.16 50.09
98.64 -99.49 -12.86 49.97
98.46 -99.19 -12.62 49.4
98.42 -99.65 -12.45 49.46
98.41 -100.8 -12.66 49.5
98.51 -101.24 -13.33 49.49
98.64 -101.73 -13.48 49.43
98.32 -102.18 -13.48 49.07
98.29 -103.19 -13.4 48.63
98.44 -103.36 -13.38 48.41
98.31 -103.47 -13.31 48.21
98.15 -103.42 -13.36 48.28
97.67 -103.11 -13.39 48.36
97.01 -103.06 -12.65 48.36
96.47 -103.05 -12.45 48.4
96.27 -103.14 -12.58 48.39
95.54 -103.29 -12.58 48.55
93.98 -102.96 -12.68 48.68
93.98 -102.54 -12.68 48.68
93.39 -102.54 -12.94 48.72
93.71 -102.07 -13.91 48.84
94.71 -102.07 -14.56 47.34
93.52 -101.98 -14.72 48.86
96.25 -101.75 -14.95 48.72
97.9 -101.7 -15.55 50.8
97.46 -101.76 -16.33 55.11
97.17 -101.73 -16.39 56.71
95.69 -101.74 -16.39 57.67
95.29 -101.84 -16.41 58.89
94.59 -102.02 -16.41 58.86
94.67 -102.69 -16.46 58.56
94.78 -103.35 -16.43 57.0
94.89 -103.35 -15.12 56.8
95.11 -103.3 -21.21 55.14
95.2 -102.81 -25.21 53.99
95.05 -102.81 -22.48 53.43
95.03 -101.85 -19.72 53.09
95.54 -101.56 -17.98 52.64
95.54 -101.22 -17.98 52.64
96.81 -101.22 -15.83 53.05
97.45 -101.11 -15.23 52.12
96.45 -101.29 -14.73 52.12
96.24 -101.59 -14.3 52.06
96.6 -101.51 -14.22 52.08
96.36 -101.49 -14.74 51.7
95.99 -101.51 -15.62 51.45
96.04 -101.52 -15.74 51.22
96.01 -101.45 -15.89 51.01
96.24 -101.27 -15.94 50.8
96.24 -101.13 -16.19 51.32
96.38 -101.02 -16.19 52.12
96.53 -100.82 -16.28 52.43
95.35 -100.64 -16.11 52.43
94.64 -100.33 -15.76 52.6
94.46 -100.22 -15.47 52.81
94.27 -100.17 -15.56 52.69
94.05 -100.02 -16.17 52.72
93.5 -99.99 -16.65 52.72
92.79 -99.96 -16.65 53.19
92.53 -99.98 -16.19 54.06
92.59 -100.09 -15.53 54.23
92.8 -100.38 -15.22 53.61
92.96 -100.78 -16.11 53.3
93.62 -101.08 -16.67 52.91
94.07 -101.31 -16.55 52.52
94.15 -101.35 -16.52 52.42
95.82 -101.44 -16.28 52.65
97.0 -101.61 -16.14 52.65
96.91 -101.84 -15.64 52.93
96.45 -101.92 -15.43 52.93
96.45 -101.98 -15.43 52.93
96.52 -101.98 -15.17 53.4
96.41 -101.98 -14.9 53.47
96.14 -101.92 -14.7 53.23
95.9 -101.87 -14.63 53.15
84.35 -101.77 -13.78 53.01
95.1 -101.66 -13.08 53.06
94.56 -101.19 -12.33 53.06
95.01 -100.69 -12.01 53.11
94.94 -100.37 -11.39 53.16
94.66 -100.17 -11.04 53.54
94.2 -100.18 -13.21 53.95
93.3 -100.18 -13.64 53.6
92.66 -100.21 -13.86 53.3
92.76 -100.31 -13.97 52.49
92.64 -100.47 -13.8 51.6
92.48 -100.38 -13.59 50.78
92.74 -100.39 -13.36 50.78
92.79 -100.18 -13.21 50.39
92.45 -100.25 -13.07 50.46
92.14 -100.25 -12.88 50.56
89.52 -100.16 -12.67 50.63
89.25 -99.9 -14.11 51.12
97.54 -99.98 -15.0 51.5
97.54 -100.17 -15.0 51.5
95.88 -100.17 -13.9 52.0
95.06 -100.65 -5.15 52.12
93.89 -100.66 -4.45 52.13
93.67 -100.69 -6.67 51.98
93.57 -100.69 -7.55 51.99
92.25 -100.75 -8.17 51.86
92.57 -100.8 -8.55 51.76
92.57 -101.03 -8.55 51.76
93.76 -101.03 -9.07 51.68
93.88 -101.01 -9.22 51.87
93.97 -101.01 -9.22 51.63
94.03 -101.06 -7.32 51.83
94.05 -100.57 -6.31 51.88
94.82 -100.06 -5.91 52.07
95.29 -99.85 -5.86 51.96
95.95 -99.79 -5.86 51.85
95.56 -99.36 -5.81 51.72
95.31 -99.12 -5.76 51.71
95.22 -99.36 -5.94 51.58
95.09 -99.4 -6.1 51.54
95.11 -99.12 -6.61 51.54
95.21 -98.87 -7.01 51.52
95.41 -98.94 -7.63 51.59
95.67 -99.04 -7.95 51.56
95.07 -99.04 -7.93 51.54
94.9 -99.04 -7.93 51.66
95.46 -99.28 -7.96 56.11
96.38 -99.28 -7.98 81.56
96.1 -99.28 -7.73 102.9
96.05 -99.42 -7.73 64.33
95.28 -99.47 -7.31 53.61
95.29 -99.62 -7.01 51.57
95.39 -99.69 -7.91 50.83
