105.80 -100.60 -23.21 54.41
105.74 -100.57 -23.09 54.92
105.52 -100.63 -22.93 55.22
105.39 -100.64 -22.77 55.22
105.31 -100.61 -22.64 54.6
105.37 -100.61 -22.64 54.46
105.62 -100.58 -22.61 54.46
105.69 -100.61 -22.93 55.15
105.63 -100.61 -23.18 55.77
105.59 -100.68 -22.6 56.33
105.77 -100.68 -22.31 56.57
105.76 -100.62 -21.74 56.59
104.65 -100.42 -21.74 56.71
104.49 -100.22 -21.5 56.91
104.49 -100.09 -21.5 56.91
104.97 -100.09 -20.54 57.15
105.31 -99.88 -20.11 57.17
105.3 -99.9 -19.53 57.09
105.39 -99.9 -19.81 57.09
105.75 -99.95 -19.96 56.68
106.75 -100.09 -20.09 56.55
106.75 -100.09 -20.6 56.22
107.08 -100.19 -21.06 55.2
107.08 -100.26 -21.06 55.2
107.04 -100.26 -22.29 51.46
106.99 -100.39 -22.91 54.6
107.17 -100.3 -22.46 55.73
107.27 -100.2 -22.12 56.56
107.41 -99.98 -21.86 56.35
107.52 -99.92 -21.59 56.17
107.61 -99.94 -21.32 56.15
107.87 -100.05 -21.32 56.18
108.31 -100.11 -21.57 56.24
109.45 -100.12 -21.57 56.33
110.81 -100.19 -21.57 55.84
110.66 -100.15 -22.14 55.49
109.22 -100.2 -22.37 55.3
109.25 -100.14 -22.17 54.48
108.52 -99.94 -22.12 53.32
108.15 -99.96 -21.82 52.74
107.99 -99.95 -21.89 52.17
108.58 -99.99 -21.81 52.29
108.95 -100.03 -21.83 52.29
109.28 -100.03 -21.89 52.66
109.59 -100.21 -22.25 52.88
109.59 -100.21 -22.25 52.88
110.2 -100.21 -22.42 53.45
109.22 -100.32 -22.42 53.96
108.82 -100.47 -22.98 54.21
108.54 -100.49 -23.18 53.19
108.54 -100.49 -23.34 51.83
108.67 -100.55 -23.47 51.3
108.74 -100.55 -23.52 50.62
108.81 -100.61 -23.49 49.92
108.81 -100.64 -23.49 49.92
108.55 -100.64 -22.75 50.15
108.11 -100.53 -22.33 50.37
107.75 -100.53 -22.0 50.43
107.55 -100.53 -21.71 51.1
107.32 -100.46 -21.58 51.28
107.1 -100.52 -21.58 52.54
106.69 -100.84 -21.58 53.93
106.45 -100.91 -21.49 53.06
107.66 -100.91 -21.43 52.34
107.66 -100.9 -21.43 52.34
107.66 -100.9 -21.01 53.58
107.43 -100.86 -21.26 54.48
107.7 -100.9 -21.54 55.83
107.72 -100.92 -22.11 55.95
107.72 -100.88 -22.11 55.95
107.74 -100.88 -19.85 55.54
107.37 -100.88 -19.42 55.07
107.12 -100.79 -19.87 54.57
107.3 -100.7 -21.21 54.04
107.29 -100.7 -21.21 53.63
107.29 -100.62 -21.21 53.87
107.82 -100.55 -21.18 53.87
107.82 -100.55 -21.18 53.97
107.82 -100.64 -21.18 53.97
107.87 -100.64 -20.54 54.03
107.64 -100.6 -20.16 54.11
107.04 -100.82 -19.8 54.18
107.04 -100.8 -19.8 54.18
120.68 -100.8 -19.8 55.18
120.68 -100.89 -19.8 55.18
118.5 -100.89 -19.71 56.3
118.12 -100.79 -19.98 56.8
116.66 -100.8 -20.27 57.46
112.89 -100.9 -20.27 58.12
111.35 -100.86 -20.71 57.63
111.35 -100.86 -20.71 57.63
108.46 -100.86 -21.22 57.1
108.45 -100.89 -21.4 56.87
108.45 -100.9 -21.4 56.87
108.67 -100.9 -22.49 56.19
108.9 -100.95 -22.66 56.42
108.33 -101.07 -22.49 56.48
108.16 -101.09 -21.74 56.56
107.99 -100.95 -21.74 56.68
106.21 -100.86 -21.51 56.8
106.21 -100.97 -21.97 57.2
106.21 -101.04 -22.19 58.78
106.66 -101.04 -21.3 60.26
107.9 -101.12 -20.45 60.38
106.61 -101.12 -20.45 59.41
105.75 -101.17 -20.12 57.9
105.49 -101.24 -19.61 57.51
105.43 -101.24 -19.4 58.14
105.02 -101.42 -19.4 58.46
105.51 -101.45 -19.4 58.72
106.01 -101.31 -19.65 59.58
106.32 -101.31 -19.65 59.91
106.25 -101.09 -20.13 60.13
106.25 -100.99 -20.13 60.13
106.02 -100.99 -20.75 60.41
106.31 -100.99 -21.27 60.95
106.69 -100.84 -21.78 60.95
107.1 -100.8 -21.72 61.21
107.42 -100.81 -21.6 61.39
107.72 -100.82 -21.49 61.73
107.98 -100.82 -21.46 61.73
108.2 -100.74 -21.46 61.75
108.32 -100.66 -21.22 61.84
108.35 -100.62 -21.16 61.75
108.6 -100.5 -21.07 61.8
108.89 -100.36 -21.14 61.69
109.49 -100.36 -21.64 61.26
109.47 -100.38 -21.96 61.04
108.9 -100.36 -22.26 60.83
108.89 -100.47 -22.57 60.27
109.09 -100.55 -22.49 59.66
109.06 -100.61 -22.44 58.67
109.31 -100.61 -22.62 58.42
109.31 -100.77 -22.62 58.42
109.46 -100.77 -22.94 57.93
109.46 -100.62 -22.94 57.93
109.39 -100.62 -23.0 57.31
109.29 -100.62 -22.82 56.86
109.04 -100.64 -22.79 56.71
109.19 -100.57 -22.59 56.42
109.54 -100.57 -22.82 56.17
109.67 -100.57 -22.94 56.17
109.71 -100.56 -23.04 56.75
109.71 -100.56 -23.04 56.75
109.71 -100.56 -23.08 57.42
109.71 -100.73 -23.08 57.42
109.46 -100.73 -23.1 58.57
109.46 -100.69 -23.1 58.57
108.64 -100.69 -23.09 57.52
107.99 -100.69 -23.09 57.42
107.99 -100.45 -23.09 57.42
108.18 -100.45 -23.41 56.81
108.18 -100.39 -23.41 56.81
108.22 -100.39 -23.65 56.96
108.22 -100.3 -23.65 56.96
108.95 -100.3 -23.95 57.74
107.98 -99.92 -24.35 58.02
107.98 -99.63 -24.35 58.02
107.37 -99.63 -24.14 57.92
107.28 -99.71 -24.14 57.88
107.41 -99.89 -23.99 57.8
107.47 -99.89 -23.63 57.73
108.16 -99.97 -23.34 57.74
108.65 -99.97 -23.02 57.88
108.8 -99.97 -22.9 57.64
108.8 -99.86 -22.51 57.53
109.37 -99.69 -22.51 57.55
111.12 -99.62 -22.41 57.66
112.09 -99.93 -22.41 57.88
112.37 -100.0 -22.94 57.88
112.34 -100.22 -23.16 57.19
111.88 -100.42 -22.91 56.69
111.32 -100.42 -22.42 56.77
110.88 -100.49 -21.92 56.97
110.88 -100.33 -21.92 56.97
110.37 -100.33 -21.88 57.28
110.29 -100.12 -21.95 57.56
110.22 -100.53 -21.95 57.82
109.99 -100.8 -22.16 58.59
110.01 -100.75 -22.48 58.59
110.16 -100.75 -22.79 58.64
110.18 -100.79 -22.79 58.59
110.18 -100.81 -22.79 58.59
111.08 -100.81 -22.93 58.47
110.91 -100.7 -23.23 58.59
110.64 -100.65 -23.12 58.68
110.44 -100.89 -23.11 58.1
110.39 -101.03 -22.89 57.1
110.27 -101.12 -22.76 56.66
109.77 -101.2 -21.94 56.02
109.33 -101.2 -22.45 56.9
109.7 -101.23 -23.67 57.2
109.93 -101.27 -23.99 57.53
110.11 -101.36 -23.99 58.1
110.11 -101.31 -23.99 58.1
108.66 -101.31 -23.99 58.12
107.83 -101.26 -23.51 58.12
107.83 -101.39 -23.06 57.84
106.61 -101.54 -22.92 57.39
106.61 -101.54 -23.11 57.47
